0.9730947018	0.0147218220	0.0120607130	0.0001369669	1.0000141859
0.9635806680	0.0215487070	0.0144881988	0.0003915781	1.0000091791
0.9505411386	0.0312828533	0.0173110459	0.0008762753	1.0000113249
0.9327751994	0.0448882170	0.0205349233	0.0018115122	1.0000098944
0.9088894129	0.0633731559	0.0241241567	0.0036171481	1.0000038147
0.8774652481	0.0875081941	0.0279775392	0.0070543108	1.0000052452
0.8373621702	0.1173355430	0.0319043174	0.0134032182	1.0000052452
0.7882642746	0.1515430808	0.0356046669	0.0245964546	1.0000084639
0.7311691046	0.1870214045	0.0386865065	0.0431358479	1.0000128746
0.6686649919	0.2190452963	0.0407190882	0.0715942979	1.0000236034
0.6044422984	0.2424877286	0.0413372144	0.1117068604	0.9999740720
0.5426425338	0.2535401285	0.0403564386	0.1634329557	0.9999720454
0.4865072072	0.2510341406	0.0378482156	0.2245821357	0.9999716878
0.4379774630	0.2365745306	0.0341271609	0.2912929952	0.9999721050
0.3976329267	0.2135880738	0.0296597760	0.3590866029	0.9999673367
0.3650580943	0.1860162169	0.0249364879	0.4239526093	0.9999634027
0.3392962813	0.1573118716	0.0203687698	0.4829949141	0.9999718070
0.3192102015	0.1299265921	0.0162359551	0.5345990658	0.9999718070
0.3036927283	0.1053276286	0.0126825497	0.5782685280	0.9999714494
0.2917844355	0.0841522440	0.0097454945	0.6142931581	0.9999753237
0.2826728523	0.0664816424	0.0073908526	0.6434267759	0.9999721050
0.2757239938	0.0520693101	0.0055471784	0.6666359305	0.9999763966
0.2704249918	0.0405126363	0.0041296445	0.6848958135	0.9999631047
0.2664001584	0.0313624777	0.0030549220	0.6991497874	0.9999673367
0.2633375823	0.0241861492	0.0022488288	0.7102012038	0.9999737740
0.2610038519	0.0185978711	0.0016491857	0.7187381983	0.9999890924
0.2592324615	0.0142693594	0.0012059223	0.7252790332	0.9999867678
0.2578883767	0.0109300828	0.0008798346	0.7302873731	0.9999856949
0.2568667531	0.0083617428	0.0006408276	0.7341316938	1.0000010729
0.2560747862	0.0063907704	0.0004661355	0.7370397449	0.9999714494
0.2554787397	0.0048809331	0.0003387295	0.7392663956	0.9999648333
0.2550244033	0.0037257096	0.0002459575	0.7410374880	1.0000336170
0.2547263801	0.0028428216	0.0001784938	0.7422295809	0.9999772310
0.2544283569	0.0021684251	0.0001294742	0.7433279157	1.0000541210
0.2541303337	0.0016536243	0.0000938862	0.7439239621	0.9998017550
0.2539686561	0.0012608066	0.0000680635	0.7445200086	0.9998175502
0.2539686561	0.0009611608	0.0000493319	0.7451160550	1.0000951290
0.2539686561	0.0007326071	0.0000357469	0.7456280589	1.0003650188
0.2539686561	0.0005583934	0.0000259014	0.7456280589	1.0001809597
0.2539686561	0.0004256407	0.0000187682	0.7456280589	1.0000411272
0.2539686561	0.0003244663	0.0000135998	0.7456280589	0.9999347925
0.2539686561	0.0002473520	0.0000098549	0.7456280589	0.9998539686
0.2539686561	0.0001885712	0.0000071413	0.7456280589	0.9997924566
0.2539686561	0.0001437629	0.0000051750	0.7456280589	0.9997456670
0.2539686561	0.0001096038	0.0000037501	0.7456280589	0.9997100830
0.2539686561	0.0000835624	0.0000027176	0.7456280589	0.9996830225
0.2539686561	0.0000637091	0.0000019693	0.7456280589	0.9996623993
0.2539686561	0.0000485731	0.0000014271	0.7456280589	0.9996467233
0.2539686561	0.0000370334	0.0000010342	0.7456280589	0.9996348023
0.2539686561	0.0000282353	0.0000007495	0.7456280589	0.9996256828
0.2539686561	0.0000215275	0.0000005431	0.7456280589	0.9996187687
0.2539686561	0.0000164133	0.0000003936	0.7456280589	0.9996135235
0.2539686561	0.0000125140	0.0000002852	0.7456280589	0.9996095300
0.2539686561	0.0000095411	0.0000002067	0.7456280589	0.9996064901
0.2539686561	0.0000072745	0.0000001498	0.7456280589	0.9996041059
0.2539686561	0.0000055464	0.0000001085	0.7456280589	0.9996023774
0.2539686561	0.0000042288	0.0000000787	0.7456280589	0.9996010065
0.2539686561	0.0000032242	0.0000000570	0.7456280589	0.9995999932
0.2539686561	0.0000024582	0.0000000413	0.7456280589	0.9995992184
0.2539686561	0.0000018743	0.0000000299	0.7456280589	0.9995986223
0.2539686561	0.0000014290	0.0000000217	0.7456280589	0.9995981455
0.2539686561	0.0000010895	0.0000000157	0.7456280589	0.9995978475
0.2539686561	0.0000008307	0.0000000114	0.7456280589	0.9995975494
0.2539686561	0.0000006334	0.0000000083	0.7456280589	0.9995973110
0.2539686561	0.0000004829	0.0000000060	0.7456280589	0.9995971918
0.2539686561	0.0000003682	0.0000000043	0.7456280589	0.9995970726
0.2539686561	0.0000002807	0.0000000031	0.7456280589	0.9995969534
0.2539686561	0.0000002140	0.0000000023	0.7456280589	0.9995969534
0.2539686561	0.0000001632	0.0000000017	0.7456280589	0.9995968342
0.2539686561	0.0000001244	0.0000000012	0.7456280589	0.9995968342
0.2539686561	0.0000000949	0.0000000009	0.7456280589	0.9995968342
0.2539686561	0.0000000723	0.0000000006	0.7456280589	0.9995967746
0.2539686561	0.0000000551	0.0000000005	0.7456280589	0.9995967746
0.2539686561	0.0000000420	0.0000000003	0.7456280589	0.9995967150
0.2539686561	0.0000000321	0.0000000002	0.7456280589	0.9995967150
0.2539686561	0.0000000244	0.0000000002	0.7456280589	0.9995967150
0.2539686561	0.0000000186	0.0000000001	0.7456280589	0.9995967150
0.2539686561	0.0000000142	0.0000000001	0.7456280589	0.9995967150
0.2539686561	0.0000000108	0.0000000001	0.7456280589	0.9995967150
0.2539686561	0.0000000083	0.0000000000	0.7456280589	0.9995967150
0.2539686561	0.0000000063	0.0000000000	0.7456280589	0.9995967150
0.2539686561	0.0000000048	0.0000000000	0.7456280589	0.9995967150
0.2539686561	0.0000000037	0.0000000000	0.7456280589	0.9995967150
0.2539686561	0.0000000028	0.0000000000	0.7456280589	0.9995967150
0.2539686561	0.0000000021	0.0000000000	0.7456280589	0.9995967150
0.2539686561	0.0000000016	0.0000000000	0.7456280589	0.9995967150
0.2539686561	0.0000000012	0.0000000000	0.7456280589	0.9995967150
0.2539686561	0.0000000009	0.0000000000	0.7456280589	0.9995967150
0.2539686561	0.0000000007	0.0000000000	0.7456280589	0.9995967150
0.2539686561	0.0000000005	0.0000000000	0.7456280589	0.9995967150
0.2539686561	0.0000000004	0.0000000000	0.7456280589	0.9995967150
0.2539686561	0.0000000003	0.0000000000	0.7456280589	0.9995967150
0.2539686561	0.0000000002	0.0000000000	0.7456280589	0.9995967150
0.2539686561	0.0000000002	0.0000000000	0.7456280589	0.9995967150
0.2539686561	0.0000000001	0.0000000000	0.7456280589	0.9995967150
0.2539686561	0.0000000001	0.0000000000	0.7456280589	0.9995967150
0.2539686561	0.0000000001	0.0000000000	0.7456280589	0.9995967150
0.2539686561	0.0000000001	0.0000000000	0.7456280589	0.9995967150
0.2539686561	0.0000000000	0.0000000000	0.7456280589	0.9995967150
0.2539686561	0.0000000000	0.0000000000	0.7456280589	0.9995967150
0.2539686561	0.0000000000	0.0000000000	0.7456280589	0.9995967150
0.2539686561	0.0000000000	0.0000000000	0.7456280589	0.9995967150
0.2539686561	0.0000000000	0.0000000000	0.7456280589	0.9995967150
0.2539686561	0.0000000000	0.0000000000	0.7456280589	0.9995967150
0.2539686561	0.0000000000	0.0000000000	0.7456280589	0.9995967150
0.2539686561	0.0000000000	0.0000000000	0.7456280589	0.9995967150
0.2539686561	0.0000000000	0.0000000000	0.7456280589	0.9995967150
0.2539686561	0.0000000000	0.0000000000	0.7456280589	0.9995967150
0.2539686561	0.0000000000	0.0000000000	0.7456280589	0.9995967150
0.2539686561	0.0000000000	0.0000000000	0.7456280589	0.9995967150
0.2539686561	0.0000000000	0.0000000000	0.7456280589	0.9995967150
0.2539686561	0.0000000000	0.0000000000	0.7456280589	0.9995967150
0.2539686561	0.0000000000	0.0000000000	0.7456280589	0.9995967150
0.2539686561	0.0000000000	0.0000000000	0.7456280589	0.9995967150
0.2539686561	0.0000000000	0.0000000000	0.7456280589	0.9995967150
0.2539686561	0.0000000000	0.0000000000	0.7456280589	0.9995967150
0.2539686561	0.0000000000	0.0000000000	0.7456280589	0.9995967150
0.2539686561	0.0000000000	0.0000000000	0.7456280589	0.9995967150
0.2539686561	0.0000000000	0.0000000000	0.7456280589	0.9995967150
0.2539686561	0.0000000000	0.0000000000	0.7456280589	0.9995967150
0.2539686561	0.0000000000	0.0000000000	0.7456280589	0.9995967150
0.2539686561	0.0000000000	0.0000000000	0.7456280589	0.9995967150
0.2539686561	0.0000000000	0.0000000000	0.7456280589	0.9995967150
0.2539686561	0.0000000000	0.0000000000	0.7456280589	0.9995967150
0.2539686561	0.0000000000	0.0000000000	0.7456280589	0.9995967150
0.2539686561	0.0000000000	0.0000000000	0.7456280589	0.9995967150
0.2539686561	0.0000000000	0.0000000000	0.7456280589	0.9995967150
0.2539686561	0.0000000000	0.0000000000	0.7456280589	0.9995967150
0.2539686561	0.0000000000	0.0000000000	0.7456280589	0.9995967150
0.2539686561	0.0000000000	0.0000000000	0.7456280589	0.9995967150
0.2539686561	0.0000000000	0.0000000000	0.7456280589	0.9995967150
0.2539686561	0.0000000000	0.0000000000	0.7456280589	0.9995967150
0.2539686561	0.0000000000	0.0000000000	0.7456280589	0.9995967150
0.2539686561	0.0000000000	0.0000000000	0.7456280589	0.9995967150
0.2539686561	0.0000000000	0.0000000000	0.7456280589	0.9995967150
0.2539686561	0.0000000000	0.0000000000	0.7456280589	0.9995967150
0.2539686561	0.0000000000	0.0000000000	0.7456280589	0.9995967150
0.2539686561	0.0000000000	0.0000000000	0.7456280589	0.9995967150
0.2539686561	0.0000000000	0.0000000000	0.7456280589	0.9995967150
0.2539686561	0.0000000000	0.0000000000	0.7456280589	0.9995967150
0.2539686561	0.0000000000	0.0000000000	0.7456280589	0.9995967150
0.2539686561	0.0000000000	0.0000000000	0.7456280589	0.9995967150
0.2539686561	0.0000000000	0.0000000000	0.7456280589	0.9995967150
0.2539686561	0.0000000000	0.0000000000	0.7456280589	0.9995967150
0.2539686561	0.0000000000	0.0000000000	0.7456280589	0.9995967150
0.2539686561	0.0000000000	0.0000000000	0.7456280589	0.9995967150
0.2539686561	0.0000000000	0.0000000000	0.7456280589	0.9995967150
0.2539686561	0.0000000000	0.0000000000	0.7456280589	0.9995967150
0.2539686561	0.0000000000	0.0000000000	0.7456280589	0.9995967150
0.2539686561	0.0000000000	0.0000000000	0.7456280589	0.9995967150
0.2539686561	0.0000000000	0.0000000000	0.7456280589	0.9995967150
0.2539686561	0.0000000000	0.0000000000	0.7456280589	0.9995967150
0.2539686561	0.0000000000	0.0000000000	0.7456280589	0.9995967150
0.2539686561	0.0000000000	0.0000000000	0.7456280589	0.9995967150
0.2539686561	0.0000000000	0.0000000000	0.7456280589	0.9995967150
0.2539686561	0.0000000000	0.0000000000	0.7456280589	0.9995967150
0.2539686561	0.0000000000	0.0000000000	0.7456280589	0.9995967150
0.2539686561	0.0000000000	0.0000000000	0.7456280589	0.9995967150
0.2539686561	0.0000000000	0.0000000000	0.7456280589	0.9995967150
0.2539686561	0.0000000000	0.0000000000	0.7456280589	0.9995967150
0.2539686561	0.0000000000	0.0000000000	0.7456280589	0.9995967150
0.2539686561	0.0000000000	0.0000000000	0.7456280589	0.9995967150
0.2539686561	0.0000000000	0.0000000000	0.7456280589	0.9995967150
0.2539686561	0.0000000000	0.0000000000	0.7456280589	0.9995967150
0.2539686561	0.0000000000	0.0000000000	0.7456280589	0.9995967150
0.2539686561	0.0000000000	0.0000000000	0.7456280589	0.9995967150
0.2539686561	0.0000000000	0.0000000000	0.7456280589	0.9995967150
0.2539686561	0.0000000000	0.0000000000	0.7456280589	0.9995967150
0.2539686561	0.0000000000	0.0000000000	0.7456280589	0.9995967150
0.2539686561	0.0000000000	0.0000000000	0.7456280589	0.9995967150
0.2539686561	0.0000000000	0.0000000000	0.7456280589	0.9995967150
0.2539686561	0.0000000000	0.0000000000	0.7456280589	0.9995967150
0.2539686561	0.0000000000	0.0000000000	0.7456280589	0.9995967150
0.2539686561	0.0000000000	0.0000000000	0.7456280589	0.9995967150
0.2539686561	0.0000000000	0.0000000000	0.7456280589	0.9995967150
0.2539686561	0.0000000000	0.0000000000	0.7456280589	0.9995967150
0.2539686561	0.0000000000	0.0000000000	0.7456280589	0.9995967150
0.2539686561	0.0000000000	0.0000000000	0.7456280589	0.9995967150
0.2539686561	0.0000000000	0.0000000000	0.7456280589	0.9995967150
0.2539686561	0.0000000000	0.0000000000	0.7456280589	0.9995967150
0.2539686561	0.0000000000	0.0000000000	0.7456280589	0.9995967150
0.2539686561	0.0000000000	0.0000000000	0.7456280589	0.9995967150
0.2539686561	0.0000000000	0.0000000000	0.7456280589	0.9995967150
0.2539686561	0.0000000000	0.0000000000	0.7456280589	0.9995967150
0.2539686561	0.0000000000	0.0000000000	0.7456280589	0.9995967150
0.2539686561	0.0000000000	0.0000000000	0.7456280589	0.9995967150
0.2539686561	0.0000000000	0.0000000000	0.7456280589	0.9995967150
0.2539686561	0.0000000000	0.0000000000	0.7456280589	0.9995967150
0.2539686561	0.0000000000	0.0000000000	0.7456280589	0.9995967150
0.2539686561	0.0000000000	0.0000000000	0.7456280589	0.9995967150
0.2539686561	0.0000000000	0.0000000000	0.7456280589	0.9995967150
0.2539686561	0.0000000000	0.0000000000	0.7456280589	0.9995967150
0.2539686561	0.0000000000	0.0000000000	0.7456280589	0.9995967150
0.2539686561	0.0000000000	0.0000000000	0.7456280589	0.9995967150
0.2539686561	0.0000000000	0.0000000000	0.7456280589	0.9995967150
0.2539686561	0.0000000000	0.0000000000	0.7456280589	0.9995967150
0.2539686561	0.0000000000	0.0000000000	0.7456280589	0.9995967150
0.2539686561	0.0000000000	0.0000000000	0.7456280589	0.9995967150
0.2539686561	0.0000000000	0.0000000000	0.7456280589	0.9995967150
0.2539686561	0.0000000000	0.0000000000	0.7456280589	0.9995967150
0.2539686561	0.0000000000	0.0000000000	0.7456280589	0.9995967150
0.2539686561	0.0000000000	0.0000000000	0.7456280589	0.9995967150
0.2539686561	0.0000000000	0.0000000000	0.7456280589	0.9995967150
0.2539686561	0.0000000000	0.0000000000	0.7456280589	0.9995967150
0.2539686561	0.0000000000	0.0000000000	0.7456280589	0.9995967150
0.2539686561	0.0000000000	0.0000000000	0.7456280589	0.9995967150
0.2539686561	0.0000000000	0.0000000000	0.7456280589	0.9995967150
0.2539686561	0.0000000000	0.0000000000	0.7456280589	0.9995967150
0.2539686561	0.0000000000	0.0000000000	0.7456280589	0.9995967150
0.2539686561	0.0000000000	0.0000000000	0.7456280589	0.9995967150
0.2539686561	0.0000000000	0.0000000000	0.7456280589	0.9995967150
0.2539686561	0.0000000000	0.0000000000	0.7456280589	0.9995967150
0.2539686561	0.0000000000	0.0000000000	0.7456280589	0.9995967150
0.2539686561	0.0000000000	0.0000000000	0.7456280589	0.9995967150
0.2539686561	0.0000000000	0.0000000000	0.7456280589	0.9995967150
0.2539686561	0.0000000000	0.0000000000	0.7456280589	0.9995967150
0.2539686561	0.0000000000	0.0000000000	0.7456280589	0.9995967150
0.2539686561	0.0000000000	0.0000000000	0.7456280589	0.9995967150
0.2539686561	0.0000000000	0.0000000000	0.7456280589	0.9995967150
0.2539686561	0.0000000000	0.0000000000	0.7456280589	0.9995967150
0.2539686561	0.0000000000	0.0000000000	0.7456280589	0.9995967150
0.2539686561	0.0000000000	0.0000000000	0.7456280589	0.9995967150
0.2539686561	0.0000000000	0.0000000000	0.7456280589	0.9995967150
0.2539686561	0.0000000000	0.0000000000	0.7456280589	0.9995967150
0.2539686561	0.0000000000	0.0000000000	0.7456280589	0.9995967150
0.2539686561	0.0000000000	0.0000000000	0.7456280589	0.9995967150
0.2539686561	0.0000000000	0.0000000000	0.7456280589	0.9995967150
0.2539686561	0.0000000000	0.0000000000	0.7456280589	0.9995967150
0.2539686561	0.0000000000	0.0000000000	0.7456280589	0.9995967150
0.2539686561	0.0000000000	0.0000000000	0.7456280589	0.9995967150
0.2539686561	0.0000000000	0.0000000000	0.7456280589	0.9995967150
0.2539686561	0.0000000000	0.0000000000	0.7456280589	0.9995967150
0.2539686561	0.0000000000	0.0000000000	0.7456280589	0.9995967150
0.2539686561	0.0000000000	0.0000000000	0.7456280589	0.9995967150
0.2539686561	0.0000000000	0.0000000000	0.7456280589	0.9995967150
0.2539686561	0.0000000000	0.0000000000	0.7456280589	0.9995967150
0.2539686561	0.0000000000	0.0000000000	0.7456280589	0.9995967150
0.2539686561	0.0000000000	0.0000000000	0.7456280589	0.9995967150
0.2539686561	0.0000000000	0.0000000000	0.7456280589	0.9995967150
0.2539686561	0.0000000000	0.0000000000	0.7456280589	0.9995967150
0.2539686561	0.0000000000	0.0000000000	0.7456280589	0.9995967150
0.2539686561	0.0000000000	0.0000000000	0.7456280589	0.9995967150
0.2539686561	0.0000000000	0.0000000000	0.7456280589	0.9995967150
0.2539686561	0.0000000000	0.0000000000	0.7456280589	0.9995967150
0.2539686561	0.0000000000	0.0000000000	0.7456280589	0.9995967150
0.2539686561	0.0000000000	0.0000000000	0.7456280589	0.9995967150
0.2539686561	0.0000000000	0.0000000000	0.7456280589	0.9995967150
0.2539686561	0.0000000000	0.0000000000	0.7456280589	0.9995967150
0.2539686561	0.0000000000	0.0000000000	0.7456280589	0.9995967150
0.2539686561	0.0000000000	0.0000000000	0.7456280589	0.9995967150
0.2539686561	0.0000000000	0.0000000000	0.7456280589	0.9995967150
0.2539686561	0.0000000000	0.0000000000	0.7456280589	0.9995967150
0.2539686561	0.0000000000	0.0000000000	0.7456280589	0.9995967150
0.2539686561	0.0000000000	0.0000000000	0.7456280589	0.9995967150
0.2539686561	0.0000000000	0.0000000000	0.7456280589	0.9995967150
0.2539686561	0.0000000000	0.0000000000	0.7456280589	0.9995967150
0.2539686561	0.0000000000	0.0000000000	0.7456280589	0.9995967150
0.2539686561	0.0000000000	0.0000000000	0.7456280589	0.9995967150
0.2539686561	0.0000000000	0.0000000000	0.7456280589	0.9995967150
0.2539686561	0.0000000000	0.0000000000	0.7456280589	0.9995967150
0.2539686561	0.0000000000	0.0000000000	0.7456280589	0.9995967150
0.2539686561	0.0000000000	0.0000000000	0.7456280589	0.9995967150
0.2539686561	0.0000000000	0.0000000000	0.7456280589	0.9995967150
0.2539686561	0.0000000000	0.0000000000	0.7456280589	0.9995967150
0.2539686561	0.0000000000	0.0000000000	0.7456280589	0.9995967150
0.2539686561	0.0000000000	0.0000000000	0.7456280589	0.9995967150
0.2539686561	0.0000000000	0.0000000000	0.7456280589	0.9995967150
0.2539686561	0.0000000000	0.0000000000	0.7456280589	0.9995967150
0.2539686561	0.0000000000	0.0000000000	0.7456280589	0.9995967150
0.2539686561	0.0000000000	0.0000000000	0.7456280589	0.9995967150
0.2539686561	0.0000000000	0.0000000000	0.7456280589	0.9995967150
0.2539686561	0.0000000000	0.0000000000	0.7456280589	0.9995967150
0.2539686561	0.0000000000	0.0000000000	0.7456280589	0.9995967150
0.2539686561	0.0000000000	0.0000000000	0.7456280589	0.9995967150
0.2539686561	0.0000000000	0.0000000000	0.7456280589	0.9995967150
0.2539686561	0.0000000000	0.0000000000	0.7456280589	0.9995967150
0.2539686561	0.0000000000	0.0000000000	0.7456280589	0.9995967150
0.2539686561	0.0000000000	0.0000000000	0.7456280589	0.9995967150
0.2539686561	0.0000000000	0.0000000000	0.7456280589	0.9995967150
0.2539686561	0.0000000000	0.0000000000	0.7456280589	0.9995967150
0.2539686561	0.0000000000	0.0000000000	0.7456280589	0.9995967150
0.2539686561	0.0000000000	0.0000000000	0.7456280589	0.9995967150
0.2539686561	0.0000000000	0.0000000000	0.7456280589	0.9995967150
0.2539686561	0.0000000000	0.0000000000	0.7456280589	0.9995967150
0.2539686561	0.0000000000	0.0000000000	0.7456280589	0.9995967150
0.2539686561	0.0000000000	0.0000000000	0.7456280589	0.9995967150
0.2539686561	0.0000000000	0.0000000000	0.7456280589	0.9995967150
0.2539686561	0.0000000000	0.0000000000	0.7456280589	0.9995967150
0.2539686561	0.0000000000	0.0000000000	0.7456280589	0.9995967150
0.2539686561	0.0000000000	0.0000000000	0.7456280589	0.9995967150
0.2539686561	0.0000000000	0.0000000000	0.7456280589	0.9995967150
0.2539686561	0.0000000000	0.0000000000	0.7456280589	0.9995967150
0.2539686561	0.0000000000	0.0000000000	0.7456280589	0.9995967150
0.2539686561	0.0000000000	0.0000000000	0.7456280589	0.9995967150
0.2539686561	0.0000000000	0.0000000000	0.7456280589	0.9995967150
0.2539686561	0.0000000000	0.0000000000	0.7456280589	0.9995967150
0.2539686561	0.0000000000	0.0000000000	0.7456280589	0.9995967150
0.2539686561	0.0000000000	0.0000000000	0.7456280589	0.9995967150
0.2539686561	0.0000000000	0.0000000000	0.7456280589	0.9995967150
0.2539686561	0.0000000000	0.0000000000	0.7456280589	0.9995967150
0.2539686561	0.0000000000	0.0000000000	0.7456280589	0.9995967150
0.2539686561	0.0000000000	0.0000000000	0.7456280589	0.9995967150
0.2539686561	0.0000000000	0.0000000000	0.7456280589	0.9995967150
0.2539686561	0.0000000000	0.0000000000	0.7456280589	0.9995967150
0.2539686561	0.0000000000	0.0000000000	0.7456280589	0.9995967150
0.2539686561	0.0000000000	0.0000000000	0.7456280589	0.9995967150
0.2539686561	0.0000000000	0.0000000000	0.7456280589	0.9995967150
0.2539686561	0.0000000000	0.0000000000	0.7456280589	0.9995967150
0.2539686561	0.0000000000	0.0000000000	0.7456280589	0.9995967150
0.2539686561	0.0000000000	0.0000000000	0.7456280589	0.9995967150
0.2539686561	0.0000000000	0.0000000000	0.7456280589	0.9995967150
0.2539686561	0.0000000000	0.0000000000	0.7456280589	0.9995967150
0.2539686561	0.0000000000	0.0000000000	0.7456280589	0.9995967150
0.2539686561	0.0000000000	0.0000000000	0.7456280589	0.9995967150
0.2539686561	0.0000000000	0.0000000000	0.7456280589	0.9995967150
0.2539686561	0.0000000000	0.0000000000	0.7456280589	0.9995967150
0.2539686561	0.0000000000	0.0000000000	0.7456280589	0.9995967150
0.2539686561	0.0000000000	0.0000000000	0.7456280589	0.9995967150
0.2539686561	0.0000000000	0.0000000000	0.7456280589	0.9995967150
0.2539686561	0.0000000000	0.0000000000	0.7456280589	0.9995967150
0.2539686561	0.0000000000	0.0000000000	0.7456280589	0.9995967150
0.2539686561	0.0000000000	0.0000000000	0.7456280589	0.9995967150
0.2539686561	0.0000000000	0.0000000000	0.7456280589	0.9995967150
0.2539686561	0.0000000000	0.0000000000	0.7456280589	0.9995967150
0.2539686561	0.0000000000	0.0000000000	0.7456280589	0.9995967150
0.2539686561	0.0000000000	0.0000000000	0.7456280589	0.9995967150
0.2539686561	0.0000000000	0.0000000000	0.7456280589	0.9995967150
0.2539686561	0.0000000000	0.0000000000	0.7456280589	0.9995967150
0.2539686561	0.0000000000	0.0000000000	0.7456280589	0.9995967150
0.2539686561	0.0000000000	0.0000000000	0.7456280589	0.9995967150
0.2539686561	0.0000000000	0.0000000000	0.7456280589	0.9995967150
0.2539686561	0.0000000000	0.0000000000	0.7456280589	0.9995967150
0.2539686561	0.0000000000	0.0000000000	0.7456280589	0.9995967150
0.2539686561	0.0000000000	0.0000000000	0.7456280589	0.9995967150
0.2539686561	0.0000000000	0.0000000000	0.7456280589	0.9995967150
0.2539686561	0.0000000000	0.0000000000	0.7456280589	0.9995967150
0.2539686561	0.0000000000	0.0000000000	0.7456280589	0.9995967150
0.2539686561	0.0000000000	0.0000000000	0.7456280589	0.9995967150
0.2539686561	0.0000000000	0.0000000000	0.7456280589	0.9995967150
0.2539686561	0.0000000000	0.0000000000	0.7456280589	0.9995967150
0.2539686561	0.0000000000	0.0000000000	0.7456280589	0.9995967150
0.2539686561	0.0000000000	0.0000000000	0.7456280589	0.9995967150
0.2539686561	0.0000000000	0.0000000000	0.7456280589	0.9995967150
0.2539686561	0.0000000000	0.0000000000	0.7456280589	0.9995967150
0.2539686561	0.0000000000	0.0000000000	0.7456280589	0.9995967150
0.2539686561	0.0000000000	0.0000000000	0.7456280589	0.9995967150
0.2539686561	0.0000000000	0.0000000000	0.7456280589	0.9995967150
0.2539686561	0.0000000000	0.0000000000	0.7456280589	0.9995967150
0.2539686561	0.0000000000	0.0000000000	0.7456280589	0.9995967150
0.2539686561	0.0000000000	0.0000000000	0.7456280589	0.9995967150
0.2539686561	0.0000000000	0.0000000000	0.7456280589	0.9995967150
0.2539686561	0.0000000000	0.0000000000	0.7456280589	0.9995967150
0.2539686561	0.0000000000	0.0000000000	0.7456280589	0.9995967150
0.2539686561	0.0000000000	0.0000000000	0.7456280589	0.9995967150
0.2539686561	0.0000000000	0.0000000000	0.7456280589	0.9995967150
0.2539686561	0.0000000000	0.0000000000	0.7456280589	0.9995967150
0.2539686561	0.0000000000	0.0000000000	0.7456280589	0.9995967150
0.2539686561	0.0000000000	0.0000000000	0.7456280589	0.9995967150
0.2539686561	0.0000000000	0.0000000000	0.7456280589	0.9995967150
0.2539686561	0.0000000000	0.0000000000	0.7456280589	0.9995967150
0.2539686561	0.0000000000	0.0000000000	0.7456280589	0.9995967150
0.2539686561	0.0000000000	0.0000000000	0.7456280589	0.9995967150
0.2539686561	0.0000000000	0.0000000000	0.7456280589	0.9995967150
0.2539686561	0.0000000000	0.0000000000	0.7456280589	0.9995967150
0.2539686561	0.0000000000	0.0000000000	0.7456280589	0.9995967150
0.2539686561	0.0000000000	0.0000000000	0.7456280589	0.9995967150
0.2539686561	0.0000000000	0.0000000000	0.7456280589	0.9995967150
0.2539686561	0.0000000000	0.0000000000	0.7456280589	0.9995967150
0.2539686561	0.0000000000	0.0000000000	0.7456280589	0.9995967150
0.2539686561	0.0000000000	0.0000000000	0.7456280589	0.9995967150
0.2539686561	0.0000000000	0.0000000000	0.7456280589	0.9995967150
0.2539686561	0.0000000000	0.0000000000	0.7456280589	0.9995967150
0.2539686561	0.0000000000	0.0000000000	0.7456280589	0.9995967150
0.2539686561	0.0000000000	0.0000000000	0.7456280589	0.9995967150
0.2539686561	0.0000000000	0.0000000000	0.7456280589	0.9995967150
0.2539686561	0.0000000000	0.0000000000	0.7456280589	0.9995967150
0.2539686561	0.0000000000	0.0000000000	0.7456280589	0.9995967150
0.2539686561	0.0000000000	0.0000000000	0.7456280589	0.9995967150
0.2539686561	0.0000000000	0.0000000000	0.7456280589	0.9995967150
0.2539686561	0.0000000000	0.0000000000	0.7456280589	0.9995967150
0.2539686561	0.0000000000	0.0000000000	0.7456280589	0.9995967150
0.2539686561	0.0000000000	0.0000000000	0.7456280589	0.9995967150
0.2539686561	0.0000000000	0.0000000000	0.7456280589	0.9995967150
0.2539686561	0.0000000000	0.0000000000	0.7456280589	0.9995967150
0.2539686561	0.0000000000	0.0000000000	0.7456280589	0.9995967150
0.2539686561	0.0000000000	0.0000000000	0.7456280589	0.9995967150
0.2539686561	0.0000000000	0.0000000000	0.7456280589	0.9995967150
0.2539686561	0.0000000000	0.0000000000	0.7456280589	0.9995967150
0.2539686561	0.0000000000	0.0000000000	0.7456280589	0.9995967150
0.2539686561	0.0000000000	0.0000000000	0.7456280589	0.9995967150
0.2539686561	0.0000000000	0.0000000000	0.7456280589	0.9995967150
0.2539686561	0.0000000000	0.0000000000	0.7456280589	0.9995967150
0.2539686561	0.0000000000	0.0000000000	0.7456280589	0.9995967150
0.2539686561	0.0000000000	0.0000000000	0.7456280589	0.9995967150
0.2539686561	0.0000000000	0.0000000000	0.7456280589	0.9995967150
0.2539686561	0.0000000000	0.0000000000	0.7456280589	0.9995967150
0.2539686561	0.0000000000	0.0000000000	0.7456280589	0.9995967150
0.2539686561	0.0000000000	0.0000000000	0.7456280589	0.9995967150
0.2539686561	0.0000000000	0.0000000000	0.7456280589	0.9995967150
0.2539686561	0.0000000000	0.0000000000	0.7456280589	0.9995967150
0.2539686561	0.0000000000	0.0000000000	0.7456280589	0.9995967150
0.2539686561	0.0000000000	0.0000000000	0.7456280589	0.9995967150
0.2539686561	0.0000000000	0.0000000000	0.7456280589	0.9995967150
0.2539686561	0.0000000000	0.0000000000	0.7456280589	0.9995967150
0.2539686561	0.0000000000	0.0000000000	0.7456280589	0.9995967150
0.2539686561	0.0000000000	0.0000000000	0.7456280589	0.9995967150
0.2539686561	0.0000000000	0.0000000000	0.7456280589	0.9995967150
0.2539686561	0.0000000000	0.0000000000	0.7456280589	0.9995967150
0.2539686561	0.0000000000	0.0000000000	0.7456280589	0.9995967150
0.2539686561	0.0000000000	0.0000000000	0.7456280589	0.9995967150
0.2539686561	0.0000000000	0.0000000000	0.7456280589	0.9995967150
0.2539686561	0.0000000000	0.0000000000	0.7456280589	0.9995967150
0.2539686561	0.0000000000	0.0000000000	0.7456280589	0.9995967150
0.2539686561	0.0000000000	0.0000000000	0.7456280589	0.9995967150
0.2539686561	0.0000000000	0.0000000000	0.7456280589	0.9995967150
0.2539686561	0.0000000000	0.0000000000	0.7456280589	0.9995967150
0.2539686561	0.0000000000	0.0000000000	0.7456280589	0.9995967150
0.2539686561	0.0000000000	0.0000000000	0.7456280589	0.9995967150
0.2539686561	0.0000000000	0.0000000000	0.7456280589	0.9995967150
0.2539686561	0.0000000000	0.0000000000	0.7456280589	0.9995967150
0.2539686561	0.0000000000	0.0000000000	0.7456280589	0.9995967150
0.2539686561	0.0000000000	0.0000000000	0.7456280589	0.9995967150
0.2539686561	0.0000000000	0.0000000000	0.7456280589	0.9995967150
0.2539686561	0.0000000000	0.0000000000	0.7456280589	0.9995967150
0.2539686561	0.0000000000	0.0000000000	0.7456280589	0.9995967150
0.2539686561	0.0000000000	0.0000000000	0.7456280589	0.9995967150
0.2539686561	0.0000000000	0.0000000000	0.7456280589	0.9995967150
0.2539686561	0.0000000000	0.0000000000	0.7456280589	0.9995967150
0.2539686561	0.0000000000	0.0000000000	0.7456280589	0.9995967150
0.2539686561	0.0000000000	0.0000000000	0.7456280589	0.9995967150
0.2539686561	0.0000000000	0.0000000000	0.7456280589	0.9995967150
0.2539686561	0.0000000000	0.0000000000	0.7456280589	0.9995967150
0.2539686561	0.0000000000	0.0000000000	0.7456280589	0.9995967150
0.2539686561	0.0000000000	0.0000000000	0.7456280589	0.9995967150
0.2539686561	0.0000000000	0.0000000000	0.7456280589	0.9995967150
0.2539686561	0.0000000000	0.0000000000	0.7456280589	0.9995967150
0.2539686561	0.0000000000	0.0000000000	0.7456280589	0.9995967150
0.2539686561	0.0000000000	0.0000000000	0.7456280589	0.9995967150
0.2539686561	0.0000000000	0.0000000000	0.7456280589	0.9995967150
0.2539686561	0.0000000000	0.0000000000	0.7456280589	0.9995967150
0.2539686561	0.0000000000	0.0000000000	0.7456280589	0.9995967150
0.2539686561	0.0000000000	0.0000000000	0.7456280589	0.9995967150
0.2539686561	0.0000000000	0.0000000000	0.7456280589	0.9995967150
0.2539686561	0.0000000000	0.0000000000	0.7456280589	0.9995967150
0.2539686561	0.0000000000	0.0000000000	0.7456280589	0.9995967150
0.2539686561	0.0000000000	0.0000000000	0.7456280589	0.9995967150
0.2539686561	0.0000000000	0.0000000000	0.7456280589	0.9995967150
0.2539686561	0.0000000000	0.0000000000	0.7456280589	0.9995967150
0.2539686561	0.0000000000	0.0000000000	0.7456280589	0.9995967150
0.2539686561	0.0000000000	0.0000000000	0.7456280589	0.9995967150
0.2539686561	0.0000000000	0.0000000000	0.7456280589	0.9995967150
0.2539686561	0.0000000000	0.0000000000	0.7456280589	0.9995967150
0.2539686561	0.0000000000	0.0000000000	0.7456280589	0.9995967150
0.2539686561	0.0000000000	0.0000000000	0.7456280589	0.9995967150
0.2539686561	0.0000000000	0.0000000000	0.7456280589	0.9995967150
0.2539686561	0.0000000000	0.0000000000	0.7456280589	0.9995967150
0.2539686561	0.0000000000	0.0000000000	0.7456280589	0.9995967150
0.2539686561	0.0000000000	0.0000000000	0.7456280589	0.9995967150
0.2539686561	0.0000000000	0.0000000000	0.7456280589	0.9995967150
0.2539686561	0.0000000000	0.0000000000	0.7456280589	0.9995967150
0.2539686561	0.0000000000	0.0000000000	0.7456280589	0.9995967150
0.2539686561	0.0000000000	0.0000000000	0.7456280589	0.9995967150
0.2539686561	0.0000000000	0.0000000000	0.7456280589	0.9995967150
0.2539686561	0.0000000000	0.0000000000	0.7456280589	0.9995967150
0.2539686561	0.0000000000	0.0000000000	0.7456280589	0.9995967150
0.2539686561	0.0000000000	0.0000000000	0.7456280589	0.9995967150
0.2539686561	0.0000000000	0.0000000000	0.7456280589	0.9995967150
0.2539686561	0.0000000000	0.0000000000	0.7456280589	0.9995967150
0.2539686561	0.0000000000	0.0000000000	0.7456280589	0.9995967150
0.2539686561	0.0000000000	0.0000000000	0.7456280589	0.9995967150
0.2539686561	0.0000000000	0.0000000000	0.7456280589	0.9995967150
0.2539686561	0.0000000000	0.0000000000	0.7456280589	0.9995967150
0.2539686561	0.0000000000	0.0000000000	0.7456280589	0.9995967150
0.2539686561	0.0000000000	0.0000000000	0.7456280589	0.9995967150
0.2539686561	0.0000000000	0.0000000000	0.7456280589	0.9995967150
0.2539686561	0.0000000000	0.0000000000	0.7456280589	0.9995967150
0.2539686561	0.0000000000	0.0000000000	0.7456280589	0.9995967150
0.2539686561	0.0000000000	0.0000000000	0.7456280589	0.9995967150
0.2539686561	0.0000000000	0.0000000000	0.7456280589	0.9995967150
0.2539686561	0.0000000000	0.0000000000	0.7456280589	0.9995967150
0.2539686561	0.0000000000	0.0000000000	0.7456280589	0.9995967150
0.2539686561	0.0000000000	0.0000000000	0.7456280589	0.9995967150
0.2539686561	0.0000000000	0.0000000000	0.7456280589	0.9995967150
0.2539686561	0.0000000000	0.0000000000	0.7456280589	0.9995967150
0.2539686561	0.0000000000	0.0000000000	0.7456280589	0.9995967150
0.2539686561	0.0000000000	0.0000000000	0.7456280589	0.9995967150
0.2539686561	0.0000000000	0.0000000000	0.7456280589	0.9995967150
0.2539686561	0.0000000000	0.0000000000	0.7456280589	0.9995967150
0.2539686561	0.0000000000	0.0000000000	0.7456280589	0.9995967150
0.2539686561	0.0000000000	0.0000000000	0.7456280589	0.9995967150
0.2539686561	0.0000000000	0.0000000000	0.7456280589	0.9995967150
0.2539686561	0.0000000000	0.0000000000	0.7456280589	0.9995967150
0.2539686561	0.0000000000	0.0000000000	0.7456280589	0.9995967150
0.2539686561	0.0000000000	0.0000000000	0.7456280589	0.9995967150
0.2539686561	0.0000000000	0.0000000000	0.7456280589	0.9995967150
0.2539686561	0.0000000000	0.0000000000	0.7456280589	0.9995967150
0.2539686561	0.0000000000	0.0000000000	0.7456280589	0.9995967150
0.2539686561	0.0000000000	0.0000000000	0.7456280589	0.9995967150
0.2539686561	0.0000000000	0.0000000000	0.7456280589	0.9995967150
0.2539686561	0.0000000000	0.0000000000	0.7456280589	0.9995967150
0.2539686561	0.0000000000	0.0000000000	0.7456280589	0.9995967150
0.2539686561	0.0000000000	0.0000000000	0.7456280589	0.9995967150
0.2539686561	0.0000000000	0.0000000000	0.7456280589	0.9995967150
0.2539686561	0.0000000000	0.0000000000	0.7456280589	0.9995967150
0.2539686561	0.0000000000	0.0000000000	0.7456280589	0.9995967150
0.2539686561	0.0000000000	0.0000000000	0.7456280589	0.9995967150
0.2539686561	0.0000000000	0.0000000000	0.7456280589	0.9995967150
0.2539686561	0.0000000000	0.0000000000	0.7456280589	0.9995967150
0.2539686561	0.0000000000	0.0000000000	0.7456280589	0.9995967150
0.2539686561	0.0000000000	0.0000000000	0.7456280589	0.9995967150
0.2539686561	0.0000000000	0.0000000000	0.7456280589	0.9995967150
0.2539686561	0.0000000000	0.0000000000	0.7456280589	0.9995967150
0.2539686561	0.0000000000	0.0000000000	0.7456280589	0.9995967150
0.2539686561	0.0000000000	0.0000000000	0.7456280589	0.9995967150
0.2539686561	0.0000000000	0.0000000000	0.7456280589	0.9995967150
0.2539686561	0.0000000000	0.0000000000	0.7456280589	0.9995967150
0.2539686561	0.0000000000	0.0000000000	0.7456280589	0.9995967150
0.2539686561	0.0000000000	0.0000000000	0.7456280589	0.9995967150
0.2539686561	0.0000000000	0.0000000000	0.7456280589	0.9995967150
0.2539686561	0.0000000000	0.0000000000	0.7456280589	0.9995967150
0.2539686561	0.0000000000	0.0000000000	0.7456280589	0.9995967150
0.2539686561	0.0000000000	0.0000000000	0.7456280589	0.9995967150
0.2539686561	0.0000000000	0.0000000000	0.7456280589	0.9995967150
0.2539686561	0.0000000000	0.0000000000	0.7456280589	0.9995967150
0.2539686561	0.0000000000	0.0000000000	0.7456280589	0.9995967150
0.2539686561	0.0000000000	0.0000000000	0.7456280589	0.9995967150
0.2539686561	0.0000000000	0.0000000000	0.7456280589	0.9995967150
0.2539686561	0.0000000000	0.0000000000	0.7456280589	0.9995967150
0.2539686561	0.0000000000	0.0000000000	0.7456280589	0.9995967150
0.2539686561	0.0000000000	0.0000000000	0.7456280589	0.9995967150
0.2539686561	0.0000000000	0.0000000000	0.7456280589	0.9995967150
0.2539686561	0.0000000000	0.0000000000	0.7456280589	0.9995967150
0.2539686561	0.0000000000	0.0000000000	0.7456280589	0.9995967150
0.2539686561	0.0000000000	0.0000000000	0.7456280589	0.9995967150
0.2539686561	0.0000000000	0.0000000000	0.7456280589	0.9995967150
0.2539686561	0.0000000000	0.0000000000	0.7456280589	0.9995967150
0.2539686561	0.0000000000	0.0000000000	0.7456280589	0.9995967150
0.2539686561	0.0000000000	0.0000000000	0.7456280589	0.9995967150
0.2539686561	0.0000000000	0.0000000000	0.7456280589	0.9995967150
0.2539686561	0.0000000000	0.0000000000	0.7456280589	0.9995967150
0.2539686561	0.0000000000	0.0000000000	0.7456280589	0.9995967150
0.2539686561	0.0000000000	0.0000000000	0.7456280589	0.9995967150
0.2539686561	0.0000000000	0.0000000000	0.7456280589	0.9995967150
0.2539686561	0.0000000000	0.0000000000	0.7456280589	0.9995967150
0.2539686561	0.0000000000	0.0000000000	0.7456280589	0.9995967150
0.2539686561	0.0000000000	0.0000000000	0.7456280589	0.9995967150
0.2539686561	0.0000000000	0.0000000000	0.7456280589	0.9995967150
0.2539686561	0.0000000000	0.0000000000	0.7456280589	0.9995967150
0.2539686561	0.0000000000	0.0000000000	0.7456280589	0.9995967150
0.2539686561	0.0000000000	0.0000000000	0.7456280589	0.9995967150
0.2539686561	0.0000000000	0.0000000000	0.7456280589	0.9995967150
0.2539686561	0.0000000000	0.0000000000	0.7456280589	0.9995967150
0.2539686561	0.0000000000	0.0000000000	0.7456280589	0.9995967150
0.2539686561	0.0000000000	0.0000000000	0.7456280589	0.9995967150
0.2539686561	0.0000000000	0.0000000000	0.7456280589	0.9995967150
0.2539686561	0.0000000000	0.0000000000	0.7456280589	0.9995967150
0.2539686561	0.0000000000	0.0000000000	0.7456280589	0.9995967150
0.2539686561	0.0000000000	0.0000000000	0.7456280589	0.9995967150
0.2539686561	0.0000000000	0.0000000000	0.7456280589	0.9995967150
0.2539686561	0.0000000000	0.0000000000	0.7456280589	0.9995967150
0.2539686561	0.0000000000	0.0000000000	0.7456280589	0.9995967150
0.2539686561	0.0000000000	0.0000000000	0.7456280589	0.9995967150
0.2539686561	0.0000000000	0.0000000000	0.7456280589	0.9995967150
0.2539686561	0.0000000000	0.0000000000	0.7456280589	0.9995967150
0.2539686561	0.0000000000	0.0000000000	0.7456280589	0.9995967150
0.2539686561	0.0000000000	0.0000000000	0.7456280589	0.9995967150
0.2539686561	0.0000000000	0.0000000000	0.7456280589	0.9995967150
0.2539686561	0.0000000000	0.0000000000	0.7456280589	0.9995967150
0.2539686561	0.0000000000	0.0000000000	0.7456280589	0.9995967150
0.2539686561	0.0000000000	0.0000000000	0.7456280589	0.9995967150
0.2539686561	0.0000000000	0.0000000000	0.7456280589	0.9995967150
0.2539686561	0.0000000000	0.0000000000	0.7456280589	0.9995967150
0.2539686561	0.0000000000	0.0000000000	0.7456280589	0.9995967150
0.2539686561	0.0000000000	0.0000000000	0.7456280589	0.9995967150
0.2539686561	0.0000000000	0.0000000000	0.7456280589	0.9995967150
0.2539686561	0.0000000000	0.0000000000	0.7456280589	0.9995967150
0.2539686561	0.0000000000	0.0000000000	0.7456280589	0.9995967150
0.2539686561	0.0000000000	0.0000000000	0.7456280589	0.9995967150
0.2539686561	0.0000000000	0.0000000000	0.7456280589	0.9995967150
0.2539686561	0.0000000000	0.0000000000	0.7456280589	0.9995967150
0.2539686561	0.0000000000	0.0000000000	0.7456280589	0.9995967150
0.2539686561	0.0000000000	0.0000000000	0.7456280589	0.9995967150
0.2539686561	0.0000000000	0.0000000000	0.7456280589	0.9995967150
0.2539686561	0.0000000000	0.0000000000	0.7456280589	0.9995967150
0.2539686561	0.0000000000	0.0000000000	0.7456280589	0.9995967150
0.2539686561	0.0000000000	0.0000000000	0.7456280589	0.9995967150
0.2539686561	0.0000000000	0.0000000000	0.7456280589	0.9995967150
0.2539686561	0.0000000000	0.0000000000	0.7456280589	0.9995967150
0.2539686561	0.0000000000	0.0000000000	0.7456280589	0.9995967150
0.2539686561	0.0000000000	0.0000000000	0.7456280589	0.9995967150
0.2539686561	0.0000000000	0.0000000000	0.7456280589	0.9995967150
0.2539686561	0.0000000000	0.0000000000	0.7456280589	0.9995967150
0.2539686561	0.0000000000	0.0000000000	0.7456280589	0.9995967150
0.2539686561	0.0000000000	0.0000000000	0.7456280589	0.9995967150
0.2539686561	0.0000000000	0.0000000000	0.7456280589	0.9995967150
0.2539686561	0.0000000000	0.0000000000	0.7456280589	0.9995967150
0.2539686561	0.0000000000	0.0000000000	0.7456280589	0.9995967150
0.2539686561	0.0000000000	0.0000000000	0.7456280589	0.9995967150
0.2539686561	0.0000000000	0.0000000000	0.7456280589	0.9995967150
0.2539686561	0.0000000000	0.0000000000	0.7456280589	0.9995967150
0.2539686561	0.0000000000	0.0000000000	0.7456280589	0.9995967150
0.2539686561	0.0000000000	0.0000000000	0.7456280589	0.9995967150
0.2539686561	0.0000000000	0.0000000000	0.7456280589	0.9995967150
0.2539686561	0.0000000000	0.0000000000	0.7456280589	0.9995967150
0.2539686561	0.0000000000	0.0000000000	0.7456280589	0.9995967150
0.2539686561	0.0000000000	0.0000000000	0.7456280589	0.9995967150
0.2539686561	0.0000000000	0.0000000000	0.7456280589	0.9995967150
0.2539686561	0.0000000000	0.0000000000	0.7456280589	0.9995967150
0.2539686561	0.0000000000	0.0000000000	0.7456280589	0.9995967150
0.2539686561	0.0000000000	0.0000000000	0.7456280589	0.9995967150
0.2539686561	0.0000000000	0.0000000000	0.7456280589	0.9995967150
0.2539686561	0.0000000000	0.0000000000	0.7456280589	0.9995967150
0.2539686561	0.0000000000	0.0000000000	0.7456280589	0.9995967150
0.2539686561	0.0000000000	0.0000000000	0.7456280589	0.9995967150
0.2539686561	0.0000000000	0.0000000000	0.7456280589	0.9995967150
0.2539686561	0.0000000000	0.0000000000	0.7456280589	0.9995967150
0.2539686561	0.0000000000	0.0000000000	0.7456280589	0.9995967150
0.2539686561	0.0000000000	0.0000000000	0.7456280589	0.9995967150
0.2539686561	0.0000000000	0.0000000000	0.7456280589	0.9995967150
0.2539686561	0.0000000000	0.0000000000	0.7456280589	0.9995967150
0.2539686561	0.0000000000	0.0000000000	0.7456280589	0.9995967150
0.2539686561	0.0000000000	0.0000000000	0.7456280589	0.9995967150
0.2539686561	0.0000000000	0.0000000000	0.7456280589	0.9995967150
0.2539686561	0.0000000000	0.0000000000	0.7456280589	0.9995967150
0.2539686561	0.0000000000	0.0000000000	0.7456280589	0.9995967150
0.2539686561	0.0000000000	0.0000000000	0.7456280589	0.9995967150
0.2539686561	0.0000000000	0.0000000000	0.7456280589	0.9995967150
0.2539686561	0.0000000000	0.0000000000	0.7456280589	0.9995967150
0.2539686561	0.0000000000	0.0000000000	0.7456280589	0.9995967150
0.2539686561	0.0000000000	0.0000000000	0.7456280589	0.9995967150
0.2539686561	0.0000000000	0.0000000000	0.7456280589	0.9995967150
0.2539686561	0.0000000000	0.0000000000	0.7456280589	0.9995967150
0.2539686561	0.0000000000	0.0000000000	0.7456280589	0.9995967150
0.2539686561	0.0000000000	0.0000000000	0.7456280589	0.9995967150
0.2539686561	0.0000000000	0.0000000000	0.7456280589	0.9995967150
0.2539686561	0.0000000000	0.0000000000	0.7456280589	0.9995967150
0.2539686561	0.0000000000	0.0000000000	0.7456280589	0.9995967150
0.2539686561	0.0000000000	0.0000000000	0.7456280589	0.9995967150
0.2539686561	0.0000000000	0.0000000000	0.7456280589	0.9995967150
0.2539686561	0.0000000000	0.0000000000	0.7456280589	0.9995967150
0.2539686561	0.0000000000	0.0000000000	0.7456280589	0.9995967150
0.2539686561	0.0000000000	0.0000000000	0.7456280589	0.9995967150
0.2539686561	0.0000000000	0.0000000000	0.7456280589	0.9995967150
0.2539686561	0.0000000000	0.0000000000	0.7456280589	0.9995967150
0.2539686561	0.0000000000	0.0000000000	0.7456280589	0.9995967150
0.2539686561	0.0000000000	0.0000000000	0.7456280589	0.9995967150
0.2539686561	0.0000000000	0.0000000000	0.7456280589	0.9995967150
0.2539686561	0.0000000000	0.0000000000	0.7456280589	0.9995967150
0.2539686561	0.0000000000	0.0000000000	0.7456280589	0.9995967150
0.2539686561	0.0000000000	0.0000000000	0.7456280589	0.9995967150
0.2539686561	0.0000000000	0.0000000000	0.7456280589	0.9995967150
0.2539686561	0.0000000000	0.0000000000	0.7456280589	0.9995967150
0.2539686561	0.0000000000	0.0000000000	0.7456280589	0.9995967150
0.2539686561	0.0000000000	0.0000000000	0.7456280589	0.9995967150
0.2539686561	0.0000000000	0.0000000000	0.7456280589	0.9995967150
0.2539686561	0.0000000000	0.0000000000	0.7456280589	0.9995967150
0.2539686561	0.0000000000	0.0000000000	0.7456280589	0.9995967150
0.2539686561	0.0000000000	0.0000000000	0.7456280589	0.9995967150
0.2539686561	0.0000000000	0.0000000000	0.7456280589	0.9995967150
0.2539686561	0.0000000000	0.0000000000	0.7456280589	0.9995967150
0.2539686561	0.0000000000	0.0000000000	0.7456280589	0.9995967150
0.2539686561	0.0000000000	0.0000000000	0.7456280589	0.9995967150
0.2539686561	0.0000000000	0.0000000000	0.7456280589	0.9995967150
0.2539686561	0.0000000000	0.0000000000	0.7456280589	0.9995967150
0.2539686561	0.0000000000	0.0000000000	0.7456280589	0.9995967150
0.2539686561	0.0000000000	0.0000000000	0.7456280589	0.9995967150
0.2539686561	0.0000000000	0.0000000000	0.7456280589	0.9995967150
0.2539686561	0.0000000000	0.0000000000	0.7456280589	0.9995967150
0.2539686561	0.0000000000	0.0000000000	0.7456280589	0.9995967150
0.2539686561	0.0000000000	0.0000000000	0.7456280589	0.9995967150
0.2539686561	0.0000000000	0.0000000000	0.7456280589	0.9995967150
0.2539686561	0.0000000000	0.0000000000	0.7456280589	0.9995967150
0.2539686561	0.0000000000	0.0000000000	0.7456280589	0.9995967150
0.2539686561	0.0000000000	0.0000000000	0.7456280589	0.9995967150
0.2539686561	0.0000000000	0.0000000000	0.7456280589	0.9995967150
0.2539686561	0.0000000000	0.0000000000	0.7456280589	0.9995967150
0.2539686561	0.0000000000	0.0000000000	0.7456280589	0.9995967150
0.2539686561	0.0000000000	0.0000000000	0.7456280589	0.9995967150
0.2539686561	0.0000000000	0.0000000000	0.7456280589	0.9995967150
0.2539686561	0.0000000000	0.0000000000	0.7456280589	0.9995967150
0.2539686561	0.0000000000	0.0000000000	0.7456280589	0.9995967150
0.2539686561	0.0000000000	0.0000000000	0.7456280589	0.9995967150
0.2539686561	0.0000000000	0.0000000000	0.7456280589	0.9995967150
0.2539686561	0.0000000000	0.0000000000	0.7456280589	0.9995967150
0.2539686561	0.0000000000	0.0000000000	0.7456280589	0.9995967150
0.2539686561	0.0000000000	0.0000000000	0.7456280589	0.9995967150
0.2539686561	0.0000000000	0.0000000000	0.7456280589	0.9995967150
0.2539686561	0.0000000000	0.0000000000	0.7456280589	0.9995967150
0.2539686561	0.0000000000	0.0000000000	0.7456280589	0.9995967150
0.2539686561	0.0000000000	0.0000000000	0.7456280589	0.9995967150
0.2539686561	0.0000000000	0.0000000000	0.7456280589	0.9995967150
0.2539686561	0.0000000000	0.0000000000	0.7456280589	0.9995967150
0.2539686561	0.0000000000	0.0000000000	0.7456280589	0.9995967150
0.2539686561	0.0000000000	0.0000000000	0.7456280589	0.9995967150
0.2539686561	0.0000000000	0.0000000000	0.7456280589	0.9995967150
0.2539686561	0.0000000000	0.0000000000	0.7456280589	0.9995967150
0.2539686561	0.0000000000	0.0000000000	0.7456280589	0.9995967150
0.2539686561	0.0000000000	0.0000000000	0.7456280589	0.9995967150
0.2539686561	0.0000000000	0.0000000000	0.7456280589	0.9995967150
0.2539686561	0.0000000000	0.0000000000	0.7456280589	0.9995967150
0.2539686561	0.0000000000	0.0000000000	0.7456280589	0.9995967150
0.2539686561	0.0000000000	0.0000000000	0.7456280589	0.9995967150
0.2539686561	0.0000000000	0.0000000000	0.7456280589	0.9995967150
0.2539686561	0.0000000000	0.0000000000	0.7456280589	0.9995967150
0.2539686561	0.0000000000	0.0000000000	0.7456280589	0.9995967150
0.2539686561	0.0000000000	0.0000000000	0.7456280589	0.9995967150
0.2539686561	0.0000000000	0.0000000000	0.7456280589	0.9995967150
0.2539686561	0.0000000000	0.0000000000	0.7456280589	0.9995967150
0.2539686561	0.0000000000	0.0000000000	0.7456280589	0.9995967150
0.2539686561	0.0000000000	0.0000000000	0.7456280589	0.9995967150
0.2539686561	0.0000000000	0.0000000000	0.7456280589	0.9995967150
0.2539686561	0.0000000000	0.0000000000	0.7456280589	0.9995967150
0.2539686561	0.0000000000	0.0000000000	0.7456280589	0.9995967150
0.2539686561	0.0000000000	0.0000000000	0.7456280589	0.9995967150
0.2539686561	0.0000000000	0.0000000000	0.7456280589	0.9995967150
0.2539686561	0.0000000000	0.0000000000	0.7456280589	0.9995967150
0.2539686561	0.0000000000	0.0000000000	0.7456280589	0.9995967150
0.2539686561	0.0000000000	0.0000000000	0.7456280589	0.9995967150
0.2539686561	0.0000000000	0.0000000000	0.7456280589	0.9995967150
0.2539686561	0.0000000000	0.0000000000	0.7456280589	0.9995967150
0.2539686561	0.0000000000	0.0000000000	0.7456280589	0.9995967150
0.2539686561	0.0000000000	0.0000000000	0.7456280589	0.9995967150
0.2539686561	0.0000000000	0.0000000000	0.7456280589	0.9995967150
0.2539686561	0.0000000000	0.0000000000	0.7456280589	0.9995967150
0.2539686561	0.0000000000	0.0000000000	0.7456280589	0.9995967150
0.2539686561	0.0000000000	0.0000000000	0.7456280589	0.9995967150
0.2539686561	0.0000000000	0.0000000000	0.7456280589	0.9995967150
0.2539686561	0.0000000000	0.0000000000	0.7456280589	0.9995967150
0.2539686561	0.0000000000	0.0000000000	0.7456280589	0.9995967150
0.2539686561	0.0000000000	0.0000000000	0.7456280589	0.9995967150
0.2539686561	0.0000000000	0.0000000000	0.7456280589	0.9995967150
0.2539686561	0.0000000000	0.0000000000	0.7456280589	0.9995967150
0.2539686561	0.0000000000	0.0000000000	0.7456280589	0.9995967150
0.2539686561	0.0000000000	0.0000000000	0.7456280589	0.9995967150
0.2539686561	0.0000000000	0.0000000000	0.7456280589	0.9995967150
0.2539686561	0.0000000000	0.0000000000	0.7456280589	0.9995967150
0.2539686561	0.0000000000	0.0000000000	0.7456280589	0.9995967150
0.2539686561	0.0000000000	0.0000000000	0.7456280589	0.9995967150
0.2539686561	0.0000000000	0.0000000000	0.7456280589	0.9995967150
0.2539686561	0.0000000000	0.0000000000	0.7456280589	0.9995967150
0.2539686561	0.0000000000	0.0000000000	0.7456280589	0.9995967150
0.2539686561	0.0000000000	0.0000000000	0.7456280589	0.9995967150
0.2539686561	0.0000000000	0.0000000000	0.7456280589	0.9995967150
0.2539686561	0.0000000000	0.0000000000	0.7456280589	0.9995967150
0.2539686561	0.0000000000	0.0000000000	0.7456280589	0.9995967150
0.2539686561	0.0000000000	0.0000000000	0.7456280589	0.9995967150
0.2539686561	0.0000000000	0.0000000000	0.7456280589	0.9995967150
0.2539686561	0.0000000000	0.0000000000	0.7456280589	0.9995967150
0.2539686561	0.0000000000	0.0000000000	0.7456280589	0.9995967150
0.2539686561	0.0000000000	0.0000000000	0.7456280589	0.9995967150
0.2539686561	0.0000000000	0.0000000000	0.7456280589	0.9995967150
0.2539686561	0.0000000000	0.0000000000	0.7456280589	0.9995967150
0.2539686561	0.0000000000	0.0000000000	0.7456280589	0.9995967150
0.2539686561	0.0000000000	0.0000000000	0.7456280589	0.9995967150
0.2539686561	0.0000000000	0.0000000000	0.7456280589	0.9995967150
0.2539686561	0.0000000000	0.0000000000	0.7456280589	0.9995967150
0.2539686561	0.0000000000	0.0000000000	0.7456280589	0.9995967150
0.2539686561	0.0000000000	0.0000000000	0.7456280589	0.9995967150
0.2539686561	0.0000000000	0.0000000000	0.7456280589	0.9995967150
0.2539686561	0.0000000000	0.0000000000	0.7456280589	0.9995967150
0.2539686561	0.0000000000	0.0000000000	0.7456280589	0.9995967150
0.2539686561	0.0000000000	0.0000000000	0.7456280589	0.9995967150
0.2539686561	0.0000000000	0.0000000000	0.7456280589	0.9995967150
0.2539686561	0.0000000000	0.0000000000	0.7456280589	0.9995967150
0.2539686561	0.0000000000	0.0000000000	0.7456280589	0.9995967150
0.2539686561	0.0000000000	0.0000000000	0.7456280589	0.9995967150
0.2539686561	0.0000000000	0.0000000000	0.7456280589	0.9995967150
0.2539686561	0.0000000000	0.0000000000	0.7456280589	0.9995967150
0.2539686561	0.0000000000	0.0000000000	0.7456280589	0.9995967150
0.2539686561	0.0000000000	0.0000000000	0.7456280589	0.9995967150
0.2539686561	0.0000000000	0.0000000000	0.7456280589	0.9995967150
0.2539686561	0.0000000000	0.0000000000	0.7456280589	0.9995967150
0.2539686561	0.0000000000	0.0000000000	0.7456280589	0.9995967150
0.2539686561	0.0000000000	0.0000000000	0.7456280589	0.9995967150
0.2539686561	0.0000000000	0.0000000000	0.7456280589	0.9995967150
0.2539686561	0.0000000000	0.0000000000	0.7456280589	0.9995967150
0.2539686561	0.0000000000	0.0000000000	0.7456280589	0.9995967150
0.2539686561	0.0000000000	0.0000000000	0.7456280589	0.9995967150
0.2539686561	0.0000000000	0.0000000000	0.7456280589	0.9995967150
0.2539686561	0.0000000000	0.0000000000	0.7456280589	0.9995967150
0.2539686561	0.0000000000	0.0000000000	0.7456280589	0.9995967150
0.2539686561	0.0000000000	0.0000000000	0.7456280589	0.9995967150
0.2539686561	0.0000000000	0.0000000000	0.7456280589	0.9995967150
0.2539686561	0.0000000000	0.0000000000	0.7456280589	0.9995967150
0.2539686561	0.0000000000	0.0000000000	0.7456280589	0.9995967150
0.2539686561	0.0000000000	0.0000000000	0.7456280589	0.9995967150
0.2539686561	0.0000000000	0.0000000000	0.7456280589	0.9995967150
0.2539686561	0.0000000000	0.0000000000	0.7456280589	0.9995967150
0.2539686561	0.0000000000	0.0000000000	0.7456280589	0.9995967150
0.2539686561	0.0000000000	0.0000000000	0.7456280589	0.9995967150
0.2539686561	0.0000000000	0.0000000000	0.7456280589	0.9995967150
0.2539686561	0.0000000000	0.0000000000	0.7456280589	0.9995967150
0.2539686561	0.0000000000	0.0000000000	0.7456280589	0.9995967150
0.2539686561	0.0000000000	0.0000000000	0.7456280589	0.9995967150
0.2539686561	0.0000000000	0.0000000000	0.7456280589	0.9995967150
0.2539686561	0.0000000000	0.0000000000	0.7456280589	0.9995967150
0.2539686561	0.0000000000	0.0000000000	0.7456280589	0.9995967150
0.2539686561	0.0000000000	0.0000000000	0.7456280589	0.9995967150
0.2539686561	0.0000000000	0.0000000000	0.7456280589	0.9995967150
0.2539686561	0.0000000000	0.0000000000	0.7456280589	0.9995967150
0.2539686561	0.0000000000	0.0000000000	0.7456280589	0.9995967150
0.2539686561	0.0000000000	0.0000000000	0.7456280589	0.9995967150
0.2539686561	0.0000000000	0.0000000000	0.7456280589	0.9995967150
0.2539686561	0.0000000000	0.0000000000	0.7456280589	0.9995967150
0.2539686561	0.0000000000	0.0000000000	0.7456280589	0.9995967150
0.2539686561	0.0000000000	0.0000000000	0.7456280589	0.9995967150
0.2539686561	0.0000000000	0.0000000000	0.7456280589	0.9995967150
0.2539686561	0.0000000000	0.0000000000	0.7456280589	0.9995967150
0.2539686561	0.0000000000	0.0000000000	0.7456280589	0.9995967150
0.2539686561	0.0000000000	0.0000000000	0.7456280589	0.9995967150
0.2539686561	0.0000000000	0.0000000000	0.7456280589	0.9995967150
0.2539686561	0.0000000000	0.0000000000	0.7456280589	0.9995967150
0.2539686561	0.0000000000	0.0000000000	0.7456280589	0.9995967150
0.2539686561	0.0000000000	0.0000000000	0.7456280589	0.9995967150
0.2539686561	0.0000000000	0.0000000000	0.7456280589	0.9995967150
0.2539686561	0.0000000000	0.0000000000	0.7456280589	0.9995967150
0.2539686561	0.0000000000	0.0000000000	0.7456280589	0.9995967150
0.2539686561	0.0000000000	0.0000000000	0.7456280589	0.9995967150
0.2539686561	0.0000000000	0.0000000000	0.7456280589	0.9995967150
0.2539686561	0.0000000000	0.0000000000	0.7456280589	0.9995967150
0.2539686561	0.0000000000	0.0000000000	0.7456280589	0.9995967150
0.2539686561	0.0000000000	0.0000000000	0.7456280589	0.9995967150
0.2539686561	0.0000000000	0.0000000000	0.7456280589	0.9995967150
0.2539686561	0.0000000000	0.0000000000	0.7456280589	0.9995967150
0.2539686561	0.0000000000	0.0000000000	0.7456280589	0.9995967150
0.2539686561	0.0000000000	0.0000000000	0.7456280589	0.9995967150
0.2539686561	0.0000000000	0.0000000000	0.7456280589	0.9995967150
0.2539686561	0.0000000000	0.0000000000	0.7456280589	0.9995967150
0.2539686561	0.0000000000	0.0000000000	0.7456280589	0.9995967150
0.2539686561	0.0000000000	0.0000000000	0.7456280589	0.9995967150
0.2539686561	0.0000000000	0.0000000000	0.7456280589	0.9995967150
0.2539686561	0.0000000000	0.0000000000	0.7456280589	0.9995967150
0.2539686561	0.0000000000	0.0000000000	0.7456280589	0.9995967150
0.2539686561	0.0000000000	0.0000000000	0.7456280589	0.9995967150
0.2539686561	0.0000000000	0.0000000000	0.7456280589	0.9995967150
0.2539686561	0.0000000000	0.0000000000	0.7456280589	0.9995967150
0.2539686561	0.0000000000	0.0000000000	0.7456280589	0.9995967150
0.2539686561	0.0000000000	0.0000000000	0.7456280589	0.9995967150
0.2539686561	0.0000000000	0.0000000000	0.7456280589	0.9995967150
0.2539686561	0.0000000000	0.0000000000	0.7456280589	0.9995967150
0.2539686561	0.0000000000	0.0000000000	0.7456280589	0.9995967150
0.2539686561	0.0000000000	0.0000000000	0.7456280589	0.9995967150
0.2539686561	0.0000000000	0.0000000000	0.7456280589	0.9995967150
0.2539686561	0.0000000000	0.0000000000	0.7456280589	0.9995967150
0.2539686561	0.0000000000	0.0000000000	0.7456280589	0.9995967150
0.2539686561	0.0000000000	0.0000000000	0.7456280589	0.9995967150
0.2539686561	0.0000000000	0.0000000000	0.7456280589	0.9995967150
0.2539686561	0.0000000000	0.0000000000	0.7456280589	0.9995967150
0.2539686561	0.0000000000	0.0000000000	0.7456280589	0.9995967150
0.2539686561	0.0000000000	0.0000000000	0.7456280589	0.9995967150
0.2539686561	0.0000000000	0.0000000000	0.7456280589	0.9995967150
0.2539686561	0.0000000000	0.0000000000	0.7456280589	0.9995967150
0.2539686561	0.0000000000	0.0000000000	0.7456280589	0.9995967150
0.2539686561	0.0000000000	0.0000000000	0.7456280589	0.9995967150
0.2539686561	0.0000000000	0.0000000000	0.7456280589	0.9995967150
0.2539686561	0.0000000000	0.0000000000	0.7456280589	0.9995967150
0.2539686561	0.0000000000	0.0000000000	0.7456280589	0.9995967150
0.2539686561	0.0000000000	0.0000000000	0.7456280589	0.9995967150
0.2539686561	0.0000000000	0.0000000000	0.7456280589	0.9995967150
0.2539686561	0.0000000000	0.0000000000	0.7456280589	0.9995967150
0.2539686561	0.0000000000	0.0000000000	0.7456280589	0.9995967150
0.2539686561	0.0000000000	0.0000000000	0.7456280589	0.9995967150
0.2539686561	0.0000000000	0.0000000000	0.7456280589	0.9995967150
0.2539686561	0.0000000000	0.0000000000	0.7456280589	0.9995967150
0.2539686561	0.0000000000	0.0000000000	0.7456280589	0.9995967150
0.2539686561	0.0000000000	0.0000000000	0.7456280589	0.9995967150
0.2539686561	0.0000000000	0.0000000000	0.7456280589	0.9995967150
0.2539686561	0.0000000000	0.0000000000	0.7456280589	0.9995967150
0.2539686561	0.0000000000	0.0000000000	0.7456280589	0.9995967150
0.2539686561	0.0000000000	0.0000000000	0.7456280589	0.9995967150
0.2539686561	0.0000000000	0.0000000000	0.7456280589	0.9995967150
0.2539686561	0.0000000000	0.0000000000	0.7456280589	0.9995967150
0.2539686561	0.0000000000	0.0000000000	0.7456280589	0.9995967150
0.2539686561	0.0000000000	0.0000000000	0.7456280589	0.9995967150
0.2539686561	0.0000000000	0.0000000000	0.7456280589	0.9995967150
0.2539686561	0.0000000000	0.0000000000	0.7456280589	0.9995967150
0.2539686561	0.0000000000	0.0000000000	0.7456280589	0.9995967150
0.2539686561	0.0000000000	0.0000000000	0.7456280589	0.9995967150
0.2539686561	0.0000000000	0.0000000000	0.7456280589	0.9995967150
0.2539686561	0.0000000000	0.0000000000	0.7456280589	0.9995967150
0.2539686561	0.0000000000	0.0000000000	0.7456280589	0.9995967150
0.2539686561	0.0000000000	0.0000000000	0.7456280589	0.9995967150
0.2539686561	0.0000000000	0.0000000000	0.7456280589	0.9995967150
0.2539686561	0.0000000000	0.0000000000	0.7456280589	0.9995967150
0.2539686561	0.0000000000	0.0000000000	0.7456280589	0.9995967150
0.2539686561	0.0000000000	0.0000000000	0.7456280589	0.9995967150
0.2539686561	0.0000000000	0.0000000000	0.7456280589	0.9995967150
0.2539686561	0.0000000000	0.0000000000	0.7456280589	0.9995967150
0.2539686561	0.0000000000	0.0000000000	0.7456280589	0.9995967150
0.2539686561	0.0000000000	0.0000000000	0.7456280589	0.9995967150
0.2539686561	0.0000000000	0.0000000000	0.7456280589	0.9995967150
0.2539686561	0.0000000000	0.0000000000	0.7456280589	0.9995967150
0.2539686561	0.0000000000	0.0000000000	0.7456280589	0.9995967150
0.2539686561	0.0000000000	0.0000000000	0.7456280589	0.9995967150
0.2539686561	0.0000000000	0.0000000000	0.7456280589	0.9995967150
0.2539686561	0.0000000000	0.0000000000	0.7456280589	0.9995967150
0.2539686561	0.0000000000	0.0000000000	0.7456280589	0.9995967150
0.2539686561	0.0000000000	0.0000000000	0.7456280589	0.9995967150
0.2539686561	0.0000000000	0.0000000000	0.7456280589	0.9995967150
0.2539686561	0.0000000000	0.0000000000	0.7456280589	0.9995967150
0.2539686561	0.0000000000	0.0000000000	0.7456280589	0.9995967150
0.2539686561	0.0000000000	0.0000000000	0.7456280589	0.9995967150
0.2539686561	0.0000000000	0.0000000000	0.7456280589	0.9995967150
0.2539686561	0.0000000000	0.0000000000	0.7456280589	0.9995967150
0.2539686561	0.0000000000	0.0000000000	0.7456280589	0.9995967150
0.2539686561	0.0000000000	0.0000000000	0.7456280589	0.9995967150
0.2539686561	0.0000000000	0.0000000000	0.7456280589	0.9995967150
0.2539686561	0.0000000000	0.0000000000	0.7456280589	0.9995967150
0.2539686561	0.0000000000	0.0000000000	0.7456280589	0.9995967150
0.2539686561	0.0000000000	0.0000000000	0.7456280589	0.9995967150
0.2539686561	0.0000000000	0.0000000000	0.7456280589	0.9995967150
0.2539686561	0.0000000000	0.0000000000	0.7456280589	0.9995967150
0.2539686561	0.0000000000	0.0000000000	0.7456280589	0.9995967150
0.2539686561	0.0000000000	0.0000000000	0.7456280589	0.9995967150
0.2539686561	0.0000000000	0.0000000000	0.7456280589	0.9995967150
0.2539686561	0.0000000000	0.0000000000	0.7456280589	0.9995967150
0.2539686561	0.0000000000	0.0000000000	0.7456280589	0.9995967150
0.2539686561	0.0000000000	0.0000000000	0.7456280589	0.9995967150
0.2539686561	0.0000000000	0.0000000000	0.7456280589	0.9995967150
0.2539686561	0.0000000000	0.0000000000	0.7456280589	0.9995967150
0.2539686561	0.0000000000	0.0000000000	0.7456280589	0.9995967150
0.2539686561	0.0000000000	0.0000000000	0.7456280589	0.9995967150
0.2539686561	0.0000000000	0.0000000000	0.7456280589	0.9995967150
0.2539686561	0.0000000000	0.0000000000	0.7456280589	0.9995967150
0.2539686561	0.0000000000	0.0000000000	0.7456280589	0.9995967150
0.2539686561	0.0000000000	0.0000000000	0.7456280589	0.9995967150
0.2539686561	0.0000000000	0.0000000000	0.7456280589	0.9995967150
0.2539686561	0.0000000000	0.0000000000	0.7456280589	0.9995967150
0.2539686561	0.0000000000	0.0000000000	0.7456280589	0.9995967150
0.2539686561	0.0000000000	0.0000000000	0.7456280589	0.9995967150
0.2539686561	0.0000000000	0.0000000000	0.7456280589	0.9995967150
0.2539686561	0.0000000000	0.0000000000	0.7456280589	0.9995967150
0.2539686561	0.0000000000	0.0000000000	0.7456280589	0.9995967150
0.2539686561	0.0000000000	0.0000000000	0.7456280589	0.9995967150
0.2539686561	0.0000000000	0.0000000000	0.7456280589	0.9995967150
0.2539686561	0.0000000000	0.0000000000	0.7456280589	0.9995967150
0.2539686561	0.0000000000	0.0000000000	0.7456280589	0.9995967150
0.2539686561	0.0000000000	0.0000000000	0.7456280589	0.9995967150
0.2539686561	0.0000000000	0.0000000000	0.7456280589	0.9995967150
0.2539686561	0.0000000000	0.0000000000	0.7456280589	0.9995967150
0.2539686561	0.0000000000	0.0000000000	0.7456280589	0.9995967150
0.2539686561	0.0000000000	0.0000000000	0.7456280589	0.9995967150
0.2539686561	0.0000000000	0.0000000000	0.7456280589	0.9995967150
0.2539686561	0.0000000000	0.0000000000	0.7456280589	0.9995967150
0.2539686561	0.0000000000	0.0000000000	0.7456280589	0.9995967150
0.2539686561	0.0000000000	0.0000000000	0.7456280589	0.9995967150
0.2539686561	0.0000000000	0.0000000000	0.7456280589	0.9995967150
0.2539686561	0.0000000000	0.0000000000	0.7456280589	0.9995967150
0.2539686561	0.0000000000	0.0000000000	0.7456280589	0.9995967150
0.2539686561	0.0000000000	0.0000000000	0.7456280589	0.9995967150
0.2539686561	0.0000000000	0.0000000000	0.7456280589	0.9995967150
0.2539686561	0.0000000000	0.0000000000	0.7456280589	0.9995967150
0.2539686561	0.0000000000	0.0000000000	0.7456280589	0.9995967150
0.2539686561	0.0000000000	0.0000000000	0.7456280589	0.9995967150
0.2539686561	0.0000000000	0.0000000000	0.7456280589	0.9995967150
0.2539686561	0.0000000000	0.0000000000	0.7456280589	0.9995967150
0.2539686561	0.0000000000	0.0000000000	0.7456280589	0.9995967150
0.2539686561	0.0000000000	0.0000000000	0.7456280589	0.9995967150
0.2539686561	0.0000000000	0.0000000000	0.7456280589	0.9995967150
0.2539686561	0.0000000000	0.0000000000	0.7456280589	0.9995967150
0.2539686561	0.0000000000	0.0000000000	0.7456280589	0.9995967150
0.2539686561	0.0000000000	0.0000000000	0.7456280589	0.9995967150
0.2539686561	0.0000000000	0.0000000000	0.7456280589	0.9995967150
0.2539686561	0.0000000000	0.0000000000	0.7456280589	0.9995967150
0.2539686561	0.0000000000	0.0000000000	0.7456280589	0.9995967150
0.2539686561	0.0000000000	0.0000000000	0.7456280589	0.9995967150
0.2539686561	0.0000000000	0.0000000000	0.7456280589	0.9995967150
0.2539686561	0.0000000000	0.0000000000	0.7456280589	0.9995967150
0.2539686561	0.0000000000	0.0000000000	0.7456280589	0.9995967150
0.2539686561	0.0000000000	0.0000000000	0.7456280589	0.9995967150
0.2539686561	0.0000000000	0.0000000000	0.7456280589	0.9995967150
0.2539686561	0.0000000000	0.0000000000	0.7456280589	0.9995967150
0.2539686561	0.0000000000	0.0000000000	0.7456280589	0.9995967150
0.2539686561	0.0000000000	0.0000000000	0.7456280589	0.9995967150
0.2539686561	0.0000000000	0.0000000000	0.7456280589	0.9995967150
0.2539686561	0.0000000000	0.0000000000	0.7456280589	0.9995967150
0.2539686561	0.0000000000	0.0000000000	0.7456280589	0.9995967150
0.2539686561	0.0000000000	0.0000000000	0.7456280589	0.9995967150
0.2539686561	0.0000000000	0.0000000000	0.7456280589	0.9995967150
0.2539686561	0.0000000000	0.0000000000	0.7456280589	0.9995967150
0.2539686561	0.0000000000	0.0000000000	0.7456280589	0.9995967150
0.2539686561	0.0000000000	0.0000000000	0.7456280589	0.9995967150
0.2539686561	0.0000000000	0.0000000000	0.7456280589	0.9995967150
0.2539686561	0.0000000000	0.0000000000	0.7456280589	0.9995967150
0.2539686561	0.0000000000	0.0000000000	0.7456280589	0.9995967150
0.2539686561	0.0000000000	0.0000000000	0.7456280589	0.9995967150
0.2539686561	0.0000000000	0.0000000000	0.7456280589	0.9995967150
0.2539686561	0.0000000000	0.0000000000	0.7456280589	0.9995967150
0.2539686561	0.0000000000	0.0000000000	0.7456280589	0.9995967150
0.2539686561	0.0000000000	0.0000000000	0.7456280589	0.9995967150
0.2539686561	0.0000000000	0.0000000000	0.7456280589	0.9995967150
0.2539686561	0.0000000000	0.0000000000	0.7456280589	0.9995967150
0.2539686561	0.0000000000	0.0000000000	0.7456280589	0.9995967150
0.2539686561	0.0000000000	0.0000000000	0.7456280589	0.9995967150
0.2539686561	0.0000000000	0.0000000000	0.7456280589	0.9995967150
0.2539686561	0.0000000000	0.0000000000	0.7456280589	0.9995967150
0.2539686561	0.0000000000	0.0000000000	0.7456280589	0.9995967150
0.2539686561	0.0000000000	0.0000000000	0.7456280589	0.9995967150
0.2539686561	0.0000000000	0.0000000000	0.7456280589	0.9995967150
0.2539686561	0.0000000000	0.0000000000	0.7456280589	0.9995967150
0.2539686561	0.0000000000	0.0000000000	0.7456280589	0.9995967150
