0.4991059303	0.0095019257	0.0010097763	0.4994039536	0.0095138811	0.0009855245	0.0004746237	
0.4982118607	0.0090269735	0.0020173911	0.4988079071	0.0090725487	0.0019251123	0.0009016294	
0.4973177910	0.0085738273	0.0030205688	0.4982118607	0.0086715687	0.0028229323	0.0012853944	
0.4964237213	0.0081425924	0.0040169074	0.4976158142	0.0083069056	0.0036827698	0.0016298905	
0.4955296516	0.0077309567	0.0050051729	0.4970197678	0.0079754153	0.0045080436	0.0019387308	
0.4946355820	0.0073392233	0.0059835995	0.4964237213	0.0076733627	0.0053018262	0.0022151941	
0.4937415123	0.0069660954	0.0069512888	0.4958276749	0.0073981234	0.0060669421	0.0024622474	
0.4928474426	0.0066107092	0.0079064965	0.4952316284	0.0071470360	0.0068057822	0.0026826023	
0.4919533730	0.0062725865	0.0088496692	0.4946355820	0.0069178487	0.0075207967	0.0028787074	
0.4910593033	0.0059505394	0.0097777834	0.4940395355	0.0067081046	0.0082138553	0.0030527785	
0.4901652336	0.0056443070	0.0106929336	0.4934434891	0.0065158010	0.0088869343	0.0032068284	
0.4894320965	0.0053528938	0.0115924357	0.4928474426	0.0063396012	0.0095419222	0.0033427598	
0.4888360500	0.0050758189	0.0124774594	0.4922513962	0.0061774584	0.0101798493	0.0034624115	
0.4882400036	0.0048124394	0.0133476555	0.4916553497	0.0060282536	0.0108019309	0.0035673238	
0.4876439571	0.0045620296	0.0142016876	0.4910593033	0.0058903024	0.0114106704	0.0036588747	
0.4870479107	0.0043242890	0.0150410896	0.4904632568	0.0057629007	0.0120051606	0.0037382252	
0.4864518642	0.0040983064	0.0158650838	0.4898672104	0.0056445515	0.0125877243	0.0038064907	
0.4858558178	0.0038837492	0.0166733023	0.4892711639	0.0055348529	0.0131592890	0.0038647384	
0.4852597713	0.0036798727	0.0174671635	0.4886751175	0.0054323520	0.0137203094	0.0039140349	
0.4846637249	0.0034863141	0.0182469226	0.4880790710	0.0053366539	0.0142713478	0.0039546536	
0.4840676785	0.0033025099	0.0190106072	0.4874830246	0.0052466546	0.0148129370	0.0039881160	
0.4834716320	0.0031280245	0.0197580121	0.4869086444	0.0051619969	0.0153456749	0.0040142736	
0.4828755856	0.0029623765	0.0204921663	0.4866106212	0.0050823195	0.0158703029	0.0040345839	
0.4822795391	0.0028052018	0.0212135222	0.4863125980	0.0050073550	0.0163918436	0.0040493091	
0.4816834927	0.0026560158	0.0219213273	0.4860145748	0.0049365023	0.0168979000	0.0040587224	
0.4810874462	0.0025145451	0.0226119515	0.4857165515	0.0048690173	0.0174008142	0.0040633790	
0.4804913998	0.0023803057	0.0232910644	0.4854185283	0.0048039160	0.0179026984	0.0040635401	
0.4798953533	0.0022529548	0.0239594765	0.4851205051	0.0047433800	0.0183869861	0.0040597813	
0.4792993069	0.0021321136	0.0246114023	0.4848224819	0.0046838610	0.0188712738	0.0040528136	
0.4787032604	0.0020177022	0.0252513755	0.4845244586	0.0046279817	0.0193555616	0.0040435004	
0.4781072140	0.0019090541	0.0258825012	0.4842264354	0.0045721023	0.0198238865	0.0040295902	
0.4775111675	0.0018061275	0.0264971741	0.4839284122	0.0045205434	0.0202895477	0.0040145204	
0.4769151211	0.0017085379	0.0271019135	0.4836303890	0.0044693206	0.0207552090	0.0039958940	
0.4763190746	0.0016160759	0.0276979599	0.4833323658	0.0044180979	0.0212155599	0.0039765905	
0.4757230282	0.0015284497	0.0282775965	0.4830343425	0.0043705883	0.0216625948	0.0039533074	
0.4751269817	0.0014454011	0.0288518574	0.4827363193	0.0043240222	0.0221096296	0.0039300243	
0.4745309353	0.0013667532	0.0294106510	0.4824382961	0.0042774561	0.0225566644	0.0039048304	
0.4739939272	0.0012922296	0.0299625490	0.4821402729	0.0042308900	0.0229978040	0.0038777234	
0.4736959040	0.0012216854	0.0305027161	0.4818422496	0.0041843238	0.0234262124	0.0038497837	
0.4733978808	0.0011548884	0.0310337935	0.4815442264	0.0041410546	0.0238546208	0.0038203187	
0.4730998576	0.0010916711	0.0315553360	0.4812462032	0.0040991451	0.0242830291	0.0037900507	
0.4728018343	0.0010318451	0.0320768766	0.4809481800	0.0040572356	0.0247106608	0.0037597828	
0.4725038111	0.0009751859	0.0325810798	0.4806501567	0.0040153260	0.0251204427	0.0037283709	
0.4722057879	0.0009215993	0.0330653675	0.4803521335	0.0039734165	0.0255302247	0.0036957746	
0.4719077647	0.0008709086	0.0335496552	0.4800541103	0.0039315070	0.0259400066	0.0036631783	
0.4716097414	0.0008229454	0.0340339430	0.4797560871	0.0038895975	0.0263497885	0.0036305820	
0.4713117182	0.0007775648	0.0345176011	0.4794580638	0.0038476880	0.0267483220	0.0035974609	
0.4710136950	0.0007346338	0.0349646360	0.4791600406	0.0038064821	0.0271394774	0.0035625363	
0.4707156718	0.0006940337	0.0354116708	0.4788620174	0.0037669009	0.0275306329	0.0035276117	
0.4704176486	0.0006556306	0.0358587056	0.4785639942	0.0037273197	0.0279217884	0.0034926871	
0.4701196253	0.0006193034	0.0363057405	0.4782659709	0.0036877384	0.0283129439	0.0034577625	
0.4698216021	0.0005849526	0.0367515609	0.4779679477	0.0036481572	0.0286855083	0.0034228379	
0.4695235789	0.0005524810	0.0371613428	0.4776699245	0.0036085760	0.0290580373	0.0033879133	
0.4692255557	0.0005217699	0.0375711247	0.4773719013	0.0035689948	0.0294305664	0.0033529887	
0.4689275324	0.0004927195	0.0379809067	0.4770738780	0.0035294136	0.0298030954	0.0033180641	
0.4686295092	0.0004652940	0.0383906886	0.4767758548	0.0034898324	0.0301693920	0.0032831396	
0.4683314860	0.0004393454	0.0388004705	0.4764778316	0.0034502512	0.0305232946	0.0032482150	
0.4680334628	0.0004148205	0.0391992442	0.4761798084	0.0034106700	0.0308771972	0.0032132904	
0.4677354395	0.0003916319	0.0395717733	0.4758817852	0.0033731724	0.0312310997	0.0031780405	
0.4674374163	0.0003697271	0.0399443023	0.4755837619	0.0033359195	0.0315673724	0.0031431064	
0.4671393931	0.0003490219	0.0403168313	0.4752857387	0.0032986666	0.0319026485	0.0031081818	
0.4668413699	0.0003294521	0.0406893604	0.4749877155	0.0032614137	0.0322379246	0.0030732572	
0.4665433466	0.0003109656	0.0410618894	0.4746896923	0.0032241608	0.0325732008	0.0030383326	
0.4662453234	0.0002934946	0.0414344184	0.4743916690	0.0031869079	0.0329084769	0.0030034080	
0.4659473002	0.0002769947	0.0417792872	0.4740936458	0.0031496549	0.0332437530	0.0029684834	
0.4656492770	0.0002614038	0.0421145633	0.4737956226	0.0031124020	0.0335790291	0.0029335588	
0.4653512537	0.0002466743	0.0424498394	0.4734975994	0.0030751491	0.0339143053	0.0028986342	
0.4650532305	0.0002327600	0.0427851155	0.4731995761	0.0030378962	0.0342430770	0.0028637096	
0.4647552073	0.0002196188	0.0431203917	0.4729015529	0.0030006433	0.0345411003	0.0028287850	
0.4644571841	0.0002072087	0.0434556678	0.4726035297	0.0029633904	0.0348391235	0.0027938604	
0.4641591609	0.0001954871	0.0437909439	0.4723055065	0.0029265278	0.0351371467	0.0027589358	
0.4638611376	0.0001844195	0.0441130511	0.4720074832	0.0028916032	0.0354351699	0.0027240112	
0.4635631144	0.0001739672	0.0444110744	0.4717094600	0.0028566786	0.0357331932	0.0026890866	
0.4632650912	0.0001640996	0.0447090976	0.4714114368	0.0028217540	0.0360312164	0.0026541620	
0.4629670680	0.0001547821	0.0450071208	0.4711134136	0.0027868294	0.0363292396	0.0026192374	
0.4626690447	0.0001459853	0.0453051440	0.4708153903	0.0027519048	0.0366272628	0.0025843128	
0.4623710215	0.0001376789	0.0456031673	0.4705173671	0.0027169802	0.0369252861	0.0025493882	
0.4620729983	0.0001298421	0.0459011905	0.4702193439	0.0026820556	0.0372233093	0.0025160131	
0.4617749751	0.0001224418	0.0461992137	0.4699213207	0.0026471310	0.0374860168	0.0024834168	
0.4614769518	0.0001154612	0.0464946628	0.4696232975	0.0026122064	0.0377467871	0.0024508205	
0.4611789286	0.0001088700	0.0467554331	0.4693252742	0.0025772818	0.0380075574	0.0024182242	
0.4608809054	0.0001026494	0.0470162034	0.4690272510	0.0025423572	0.0382683277	0.0023856279	
0.4605828822	0.0000967782	0.0472769737	0.4687292278	0.0025074326	0.0385290980	0.0023530317	
0.4602848589	0.0000912400	0.0475377440	0.4684312046	0.0024745245	0.0387898684	0.0023204354	
0.4599868357	0.0000860129	0.0477985144	0.4681331813	0.0024419283	0.0390506387	0.0022878391	
0.4596888125	0.0000810817	0.0480592847	0.4678351581	0.0024093320	0.0393114090	0.0022552428	
0.4593907893	0.0000764292	0.0483200550	0.4675371349	0.0023767357	0.0395721793	0.0022226465	
0.4590927660	0.0000720380	0.0485808253	0.4672391117	0.0023441394	0.0398329496	0.0021915610	
0.4587947428	0.0000678982	0.0488415956	0.4669410884	0.0023115431	0.0400860906	0.0021612931	
0.4584967196	0.0000639926	0.0490786694	0.4666430652	0.0022789468	0.0403096080	0.0021310251	
0.4581986964	0.0000603081	0.0493021868	0.4663450420	0.0022463505	0.0405331254	0.0021007571	
0.4579006732	0.0000568331	0.0495257042	0.4660470188	0.0022137542	0.0407566428	0.0020704891	
0.4576026499	0.0000535550	0.0497492217	0.4657489955	0.0021816520	0.0409801602	0.0020402211	
0.4573046267	0.0000504639	0.0499727391	0.4654509723	0.0021513840	0.0412036777	0.0020099531	
0.4570066035	0.0000475498	0.0501962565	0.4651529491	0.0021211160	0.0414271951	0.0019796852	
0.4567085803	0.0000448007	0.0504197739	0.4648549259	0.0020908481	0.0416507125	0.0019495598	
0.4564105570	0.0000422093	0.0506432913	0.4645569026	0.0020605801	0.0418742299	0.0019204560	
0.4561125338	0.0000397653	0.0508668087	0.4642588794	0.0020303121	0.0420977473	0.0018913521	
0.4558145106	0.0000374601	0.0510903262	0.4639608562	0.0020000441	0.0423212647	0.0018631220	
0.4555164874	0.0000352890	0.0513138436	0.4636628330	0.0019697761	0.0425447822	0.0018351823	
0.4552184641	0.0000332403	0.0515032746	0.4633648098	0.0019400319	0.0427455008	0.0018072426	
0.4549204409	0.0000313090	0.0516895391	0.4630667865	0.0019109281	0.0429317653	0.0017793030	
0.4546224177	0.0000294906	0.0518758036	0.4627687633	0.0018818242	0.0431180298	0.0017517945	
0.4543243945	0.0000277750	0.0520620681	0.4624707401	0.0018528037	0.0433042943	0.0017250190	
0.4540263712	0.0000261584	0.0522483326	0.4621727169	0.0018248641	0.0434905589	0.0016982434	
0.4537283480	0.0000246346	0.0524345972	0.4618746936	0.0017969244	0.0436768234	0.0016714679	
0.4534303248	0.0000231985	0.0526208617	0.4615766704	0.0017689847	0.0438630879	0.0016449803	
0.4531323016	0.0000218453	0.0528071262	0.4612786472	0.0017410713	0.0440493524	0.0016193689	
0.4528342783	0.0000205701	0.0529933907	0.4609806240	0.0017142958	0.0442356169	0.0015937575	
0.4526312947	0.0000193684	0.0531796552	0.4606826007	0.0016875203	0.0444218814	0.0015681462	
0.4526312947	0.0000182361	0.0533659197	0.4605672359	0.0016607448	0.0446081460	0.0015429903	
0.4526312947	0.0000171704	0.0535521843	0.4605672359	0.0016343984	0.0447944105	0.0015185431	
0.4526312947	0.0000161659	0.0537207425	0.4605672359	0.0016087870	0.0449806750	0.0014940959	
0.4526312947	0.0000152204	0.0538697541	0.4605672359	0.0015831756	0.0451433435	0.0014698808	
0.4526312947	0.0000143301	0.0540187657	0.4605672359	0.0015578774	0.0452923551	0.0014465977	
0.4526312947	0.0000134915	0.0541677773	0.4605672359	0.0015334302	0.0454413667	0.0014233147	
0.4526312947	0.0000127021	0.0543167889	0.4605672359	0.0015089830	0.0455903783	0.0014000316	
0.4526312947	0.0000119585	0.0544658005	0.4605672359	0.0014846150	0.0457393900	0.0013778266	
0.4526312947	0.0000112584	0.0546148121	0.4605672359	0.0014613320	0.0458884016	0.0013557076	
0.4526312947	0.0000105992	0.0547638237	0.4605672359	0.0014380489	0.0460374132	0.0013335887	
0.4526312947	0.0000099785	0.0549128354	0.4605672359	0.0014147658	0.0461864248	0.0013120300	
0.4526312947	0.0000093938	0.0550618470	0.4605672359	0.0013923233	0.0463354364	0.0012910753	
0.4526312947	0.0000088435	0.0552108586	0.4605672359	0.0013702044	0.0464844480	0.0012701205	
0.4526312947	0.0000083252	0.0553598702	0.4605672359	0.0013480855	0.0466334596	0.0012491657	
0.4526312947	0.0000078374	0.0555088818	0.4605672359	0.0013262160	0.0467824712	0.0012291990	
0.4526312947	0.0000073778	0.0556578934	0.4605672359	0.0013052613	0.0469314829	0.0012094084	
0.4526312947	0.0000069451	0.0558069050	0.4605672359	0.0012843065	0.0470804945	0.0011896178	
0.4526312947	0.0000065378	0.0559499077	0.4605672359	0.0012633518	0.0472295061	0.0011698395	
0.4526312947	0.0000061543	0.0560616665	0.4605672359	0.0012430098	0.0473785177	0.0011512131	
0.4526312947	0.0000057932	0.0561734252	0.4605672359	0.0012232192	0.0474921279	0.0011325866	
0.4526312947	0.0000054531	0.0562851839	0.4605672359	0.0012034286	0.0476038866	0.0011139602	
0.4526312947	0.0000051332	0.0563969426	0.4605672359	0.0011836380	0.0477156453	0.0010953734	
0.4526312947	0.0000048319	0.0565087013	0.4605672359	0.0011646524	0.0478274040	0.0010779111	
0.4526312947	0.0000045481	0.0566204600	0.4605672359	0.0011460260	0.0479391627	0.0010604488	
0.4526312947	0.0000042812	0.0567322187	0.4605672359	0.0011273995	0.0480509214	0.0010429865	
0.4526312947	0.0000040297	0.0568439774	0.4605672359	0.0011087731	0.0481626801	0.0010255242	
0.4526312947	0.0000037932	0.0569557361	0.4605672359	0.0010908939	0.0482744388	0.0010089967	
0.4526312947	0.0000035703	0.0570674948	0.4605672359	0.0010734316	0.0483861975	0.0009926986	
0.4526312947	0.0000033605	0.0571792535	0.4605672359	0.0010559693	0.0484979562	0.0009764004	
0.4526312947	0.0000031631	0.0572910123	0.4605672359	0.0010385070	0.0486097150	0.0009603276	
0.4526312947	0.0000029772	0.0574027710	0.4605672359	0.0010215596	0.0487214737	0.0009446116	
0.4526312947	0.0000028022	0.0575145297	0.4605672359	0.0010052614	0.0488332324	0.0009289439	
0.4526312947	0.0000026375	0.0576262884	0.4605672359	0.0009889633	0.0489449911	0.0009138099	
0.4526312947	0.0000024824	0.0577380471	0.4605672359	0.0009726651	0.0490567498	0.0008986759	
0.4526312947	0.0000023364	0.0578498058	0.4605672359	0.0009568922	0.0491685085	0.0008839251	
0.4526312947	0.0000021990	0.0579615645	0.4605672359	0.0009411761	0.0492802672	0.0008693732	
0.4526312947	0.0000020697	0.0580733232	0.4605672359	0.0009257789	0.0493920259	0.0008549025	
0.4526312947	0.0000019479	0.0581850819	0.4605672359	0.0009106449	0.0495037846	0.0008409327	
0.4526312947	0.0000018333	0.0582685210	0.4605672359	0.0008955731	0.0496155433	0.0008269628	
0.4526312947	0.0000017254	0.0583430268	0.4605672359	0.0008810211	0.0497150719	0.0008133046	
0.4526312947	0.0000016239	0.0584175326	0.4605672359	0.0008664692	0.0497895777	0.0007999168	
0.4526312947	0.0000015283	0.0584920384	0.4605672359	0.0008522652	0.0498640835	0.0007865290	
0.4526312947	0.0000014383	0.0585665442	0.4605672359	0.0008382953	0.0499385893	0.0007736480	
0.4526312947	0.0000013537	0.0586410500	0.4605672359	0.0008243267	0.0500130951	0.0007608423	
0.4526312947	0.0000012740	0.0587155558	0.4605672359	0.0008109389	0.0500876009	0.0007480865	
0.4526312947	0.0000011990	0.0587900616	0.4605672359	0.0007975512	0.0501621068	0.0007358629	
0.4526312947	0.0000011284	0.0588645674	0.4605672359	0.0007843376	0.0502366126	0.0007236393	
0.4526312947	0.0000010619	0.0589390732	0.4605672359	0.0007715320	0.0503111184	0.0007115126	
0.4526312947	0.0000009993	0.0590135790	0.4605672359	0.0007587263	0.0503856242	0.0006998711	
0.4526312947	0.0000009405	0.0590880848	0.4605672359	0.0007461990	0.0504601300	0.0006882296	
0.4526312947	0.0000008851	0.0591625907	0.4605672359	0.0007339754	0.0505346358	0.0006766468	
0.4526312947	0.0000008330	0.0592370965	0.4605672359	0.0007217518	0.0506091416	0.0006655873	
0.4526312947	0.0000007839	0.0593116023	0.4605672359	0.0007098352	0.0506836474	0.0006545279	
0.4526312947	0.0000007377	0.0593861081	0.4605672359	0.0006981937	0.0507581532	0.0006434684	
0.4526312947	0.0000006942	0.0594606139	0.4605672359	0.0006865521	0.0508326590	0.0006329175	
0.4526312947	0.0000006533	0.0595351197	0.4605672359	0.0006751628	0.0509071648	0.0006224401	
0.4526312947	0.0000006148	0.0596096255	0.4605672359	0.0006641034	0.0509816706	0.0006119627	
0.4526312947	0.0000005785	0.0596841313	0.4605672359	0.0006530439	0.0510561764	0.0006017574	
0.4526312947	0.0000005444	0.0597586371	0.4605672359	0.0006420893	0.0511306822	0.0005918621	
0.4526312947	0.0000005123	0.0598331429	0.4605672359	0.0006316119	0.0512051880	0.0005819668	
0.4526312947	0.0000004821	0.0599076487	0.4605672359	0.0006211345	0.0512796938	0.0005720715	
0.4526312947	0.0000004537	0.0599821545	0.4605672359	0.0006106572	0.0513541996	0.0005626777	
0.4526312947	0.0000004269	0.0600566603	0.4605672359	0.0006006161	0.0514287055	0.0005533645	
0.4526312947	0.0000004017	0.0601311661	0.4605672359	0.0005907208	0.0515032113	0.0005440512	
0.4526312947	0.0000003780	0.0602056719	0.4605672359	0.0005808255	0.0515777171	0.0005347565	
0.4526312947	0.0000003557	0.0602801777	0.4605672359	0.0005710004	0.0516522229	0.0005260253	
0.4526312947	0.0000003347	0.0603546835	0.4605672359	0.0005616872	0.0517267287	0.0005172942	
0.4526312947	0.0000003150	0.0604291894	0.4605672359	0.0005523740	0.0518012345	0.0005085630	
0.4526312947	0.0000002964	0.0604961701	0.4605672359	0.0005430608	0.0518757403	0.0004998319	
0.4526312947	0.0000002789	0.0605334230	0.4605672359	0.0005339037	0.0519502461	0.0004916543	
0.4526312947	0.0000002624	0.0605706759	0.4605672359	0.0005251726	0.0520012975	0.0004835052	
0.4526312947	0.0000002470	0.0606079288	0.4605672359	0.0005164414	0.0520385504	0.0004753561	
0.4526312947	0.0000002324	0.0606451817	0.4605672359	0.0005077103	0.0520758033	0.0004674110	
0.4526312947	0.0000002187	0.0606824346	0.4605672359	0.0004991333	0.0521130562	0.0004595529	
0.4526312947	0.0000002057	0.0607196875	0.4605672359	0.0004909842	0.0521503091	0.0004518339	
0.4526312947	0.0000001936	0.0607569404	0.4605672359	0.0004828351	0.0521875620	0.0004442669	
0.4526312947	0.0000001822	0.0607941933	0.4605672359	0.0004746860	0.0522248149	0.0004367637	
0.4526312947	0.0000001714	0.0608314462	0.4605672359	0.0004668102	0.0522620678	0.0004294878	
0.4526312947	0.0000001613	0.0608686991	0.4605672359	0.0004589522	0.0522993207	0.0004222118	
0.4526312947	0.0000001518	0.0609059520	0.4605672359	0.0004512991	0.0523365736	0.0004151753	
0.4526312947	0.0000001428	0.0609432049	0.4605672359	0.0004437321	0.0523738265	0.0004081903	
0.4526312947	0.0000001344	0.0609804578	0.4605672359	0.0004362785	0.0524110794	0.0004013015	
0.4526312947	0.0000001264	0.0610177107	0.4605672359	0.0004290025	0.0524483323	0.0003946076	
0.4526312947	0.0000001190	0.0610549636	0.4605672359	0.0004217266	0.0524855852	0.0003879137	
0.4526312947	0.0000001119	0.0610922165	0.4605672359	0.0004147406	0.0525228381	0.0003814359	
0.4526312947	0.0000001053	0.0611294694	0.4605672359	0.0004077557	0.0525600910	0.0003750331	
0.4526312947	0.0000000991	0.0611667223	0.4605672359	0.0004009175	0.0525973439	0.0003686409	
0.4526312947	0.0000000933	0.0612039752	0.4605672359	0.0003942237	0.0526345968	0.0003625291	
0.4526312947	0.0000000877	0.0612412281	0.4605672359	0.0003875298	0.0526718497	0.0003564173	
0.4526312947	0.0000000826	0.0612784810	0.4605672359	0.0003810993	0.0527091026	0.0003503641	
0.4526312947	0.0000000777	0.0613157339	0.4605672359	0.0003746964	0.0527463555	0.0003445433	
