0.9689857960	0.0146599282	0.0161961000	0.0001604001	1.0000022650
0.9522014856	0.0212945174	0.0259611607	0.0005455600	1.0000027418
0.9270792007	0.0305093024	0.0409538113	0.0014587838	1.0000010729
0.8905243278	0.0428395458	0.0630648062	0.0035730277	1.0000016689
0.8395135403	0.0584526323	0.0937573388	0.0082771908	1.0000007153
0.7724236846	0.0766954422	0.1327484250	0.0181329064	1.0000004768
0.6907774806	0.0956749320	0.1764077544	0.0371331461	0.9999933243
0.6002373695	0.1123111993	0.2173090130	0.0701223165	0.9999798536
0.5094696283	0.1231734231	0.2463686615	0.1209493056	0.9999610186
0.4269149899	0.1258974224	0.2570401132	0.1901102066	0.9999626875
0.3578146100	0.1202021092	0.2482917756	0.2736528218	0.9999613762
0.3035615087	0.1078390256	0.2242543250	0.3643041253	0.9999589920
0.2628136575	0.0916455984	0.1915059537	0.4539936781	0.9999588728
0.2330568135	0.0744375885	0.1563287526	0.5361491442	0.9999722838
0.2116793245	0.0582850762	0.1231582612	0.6068479419	0.9999706149
0.1964574307	0.0443439409	0.0944225267	0.6647484303	0.9999723434
0.1856653094	0.0330016874	0.0709244907	0.7103759050	0.9999673963
0.1780285388	0.0241565369	0.0524722785	0.7453110814	0.9999684095
0.1726264507	0.0174661018	0.0383923054	0.7714833021	0.9999681711
0.1688051373	0.0125154695	0.0278656185	0.7907826900	0.9999688864
0.1661045253	0.0089096064	0.0201086756	0.8048404455	0.9999632835
0.1641916633	0.0063127847	0.0144512299	0.8150157332	0.9999713898
0.1628355086	0.0044576991	0.0103549641	0.8223176003	0.9999657869
0.1618765444	0.0031401222	0.0074043302	0.8275490999	0.9999700785
0.1612028480	0.0022081498	0.0052866531	0.8312673569	0.9999650121
0.1607185900	0.0015508687	0.0037707051	0.8339228034	0.9999629855
0.1603869200	0.0010882724	0.0026874628	0.8358251452	0.9999878407
0.1601323783	0.0007631801	0.0019144077	0.8371215463	0.9999315143
0.1599833667	0.0005349566	0.0013632101	0.8381133676	0.9999948740
0.1598343551	0.0003748767	0.0009704971	0.8387094140	0.9998891354
0.1597005576	0.0002626315	0.0006907649	0.8393054605	0.9999594092
0.1597005576	0.0001839489	0.0004915554	0.8398168683	1.0001928806
0.1597005576	0.0001288314	0.0003497845	0.8398168683	0.9999960661
0.1597005576	0.0000902321	0.0002489164	0.8398168683	0.9998565912
0.1597005576	0.0000631992	0.0001771425	0.8398168683	0.9997577667
0.1597005576	0.0000442660	0.0001260679	0.8398168683	0.9996877909
0.1597005576	0.0000310051	0.0000897212	0.8398168683	0.9996381402
0.1597005576	0.0000217170	0.0000638545	0.8398168683	0.9996029735
0.1597005576	0.0000152114	0.0000454457	0.8398168683	0.9995781183
0.1597005576	0.0000106547	0.0000323443	0.8398168683	0.9995604157
0.1597005576	0.0000074630	0.0000230199	0.8398168683	0.9995478988
0.1597005576	0.0000052274	0.0000163837	0.8398168683	0.9995390177
0.1597005576	0.0000036615	0.0000116606	0.8398168683	0.9995327592
0.1597005576	0.0000025647	0.0000082991	0.8398168683	0.9995282888
0.1597005576	0.0000017964	0.0000059067	0.8398168683	0.9995251298
0.1597005576	0.0000012583	0.0000042039	0.8398168683	0.9995228648
0.1597005576	0.0000008814	0.0000029920	0.8398168683	0.9995213151
0.1597005576	0.0000006174	0.0000021295	0.8398168683	0.9995201826
0.1597005576	0.0000004324	0.0000015156	0.8398168683	0.9995193481
0.1597005576	0.0000003029	0.0000010787	0.8398168683	0.9995188117
0.1597005576	0.0000002122	0.0000007677	0.8398168683	0.9995183945
0.1597005576	0.0000001486	0.0000005464	0.8398168683	0.9995181561
0.1597005576	0.0000001041	0.0000003889	0.8398168683	0.9995179176
0.1597005576	0.0000000729	0.0000002768	0.8398168683	0.9995177984
0.1597005576	0.0000000511	0.0000001970	0.8398168683	0.9995176792
0.1597005576	0.0000000358	0.0000001402	0.8398168683	0.9995175600
0.1597005576	0.0000000251	0.0000000998	0.8398168683	0.9995175600
0.1597005576	0.0000000176	0.0000000710	0.8398168683	0.9995175004
0.1597005576	0.0000000123	0.0000000505	0.8398168683	0.9995175004
0.1597005576	0.0000000086	0.0000000360	0.8398168683	0.9995174408
0.1597005576	0.0000000060	0.0000000256	0.8398168683	0.9995174408
0.1597005576	0.0000000042	0.0000000182	0.8398168683	0.9995174408
0.1597005576	0.0000000030	0.0000000130	0.8398168683	0.9995174408
0.1597005576	0.0000000021	0.0000000092	0.8398168683	0.9995174408
0.1597005576	0.0000000015	0.0000000066	0.8398168683	0.9995174408
0.1597005576	0.0000000010	0.0000000047	0.8398168683	0.9995174408
0.1597005576	0.0000000007	0.0000000033	0.8398168683	0.9995174408
0.1597005576	0.0000000005	0.0000000024	0.8398168683	0.9995174408
0.1597005576	0.0000000003	0.0000000017	0.8398168683	0.9995174408
0.1597005576	0.0000000002	0.0000000012	0.8398168683	0.9995174408
0.1597005576	0.0000000002	0.0000000009	0.8398168683	0.9995174408
0.1597005576	0.0000000001	0.0000000006	0.8398168683	0.9995174408
0.1597005576	0.0000000001	0.0000000004	0.8398168683	0.9995174408
0.1597005576	0.0000000001	0.0000000003	0.8398168683	0.9995174408
0.1597005576	0.0000000000	0.0000000002	0.8398168683	0.9995174408
0.1597005576	0.0000000000	0.0000000002	0.8398168683	0.9995174408
0.1597005576	0.0000000000	0.0000000001	0.8398168683	0.9995174408
0.1597005576	0.0000000000	0.0000000001	0.8398168683	0.9995174408
0.1597005576	0.0000000000	0.0000000001	0.8398168683	0.9995174408
0.1597005576	0.0000000000	0.0000000000	0.8398168683	0.9995174408
0.1597005576	0.0000000000	0.0000000000	0.8398168683	0.9995174408
0.1597005576	0.0000000000	0.0000000000	0.8398168683	0.9995174408
0.1597005576	0.0000000000	0.0000000000	0.8398168683	0.9995174408
0.1597005576	0.0000000000	0.0000000000	0.8398168683	0.9995174408
0.1597005576	0.0000000000	0.0000000000	0.8398168683	0.9995174408
0.1597005576	0.0000000000	0.0000000000	0.8398168683	0.9995174408
0.1597005576	0.0000000000	0.0000000000	0.8398168683	0.9995174408
0.1597005576	0.0000000000	0.0000000000	0.8398168683	0.9995174408
0.1597005576	0.0000000000	0.0000000000	0.8398168683	0.9995174408
0.1597005576	0.0000000000	0.0000000000	0.8398168683	0.9995174408
0.1597005576	0.0000000000	0.0000000000	0.8398168683	0.9995174408
0.1597005576	0.0000000000	0.0000000000	0.8398168683	0.9995174408
0.1597005576	0.0000000000	0.0000000000	0.8398168683	0.9995174408
0.1597005576	0.0000000000	0.0000000000	0.8398168683	0.9995174408
0.1597005576	0.0000000000	0.0000000000	0.8398168683	0.9995174408
0.1597005576	0.0000000000	0.0000000000	0.8398168683	0.9995174408
0.1597005576	0.0000000000	0.0000000000	0.8398168683	0.9995174408
0.1597005576	0.0000000000	0.0000000000	0.8398168683	0.9995174408
0.1597005576	0.0000000000	0.0000000000	0.8398168683	0.9995174408
0.1597005576	0.0000000000	0.0000000000	0.8398168683	0.9995174408
0.1597005576	0.0000000000	0.0000000000	0.8398168683	0.9995174408
0.1597005576	0.0000000000	0.0000000000	0.8398168683	0.9995174408
0.1597005576	0.0000000000	0.0000000000	0.8398168683	0.9995174408
0.1597005576	0.0000000000	0.0000000000	0.8398168683	0.9995174408
0.1597005576	0.0000000000	0.0000000000	0.8398168683	0.9995174408
0.1597005576	0.0000000000	0.0000000000	0.8398168683	0.9995174408
0.1597005576	0.0000000000	0.0000000000	0.8398168683	0.9995174408
0.1597005576	0.0000000000	0.0000000000	0.8398168683	0.9995174408
0.1597005576	0.0000000000	0.0000000000	0.8398168683	0.9995174408
0.1597005576	0.0000000000	0.0000000000	0.8398168683	0.9995174408
0.1597005576	0.0000000000	0.0000000000	0.8398168683	0.9995174408
0.1597005576	0.0000000000	0.0000000000	0.8398168683	0.9995174408
0.1597005576	0.0000000000	0.0000000000	0.8398168683	0.9995174408
0.1597005576	0.0000000000	0.0000000000	0.8398168683	0.9995174408
0.1597005576	0.0000000000	0.0000000000	0.8398168683	0.9995174408
0.1597005576	0.0000000000	0.0000000000	0.8398168683	0.9995174408
0.1597005576	0.0000000000	0.0000000000	0.8398168683	0.9995174408
0.1597005576	0.0000000000	0.0000000000	0.8398168683	0.9995174408
0.1597005576	0.0000000000	0.0000000000	0.8398168683	0.9995174408
0.1597005576	0.0000000000	0.0000000000	0.8398168683	0.9995174408
0.1597005576	0.0000000000	0.0000000000	0.8398168683	0.9995174408
0.1597005576	0.0000000000	0.0000000000	0.8398168683	0.9995174408
0.1597005576	0.0000000000	0.0000000000	0.8398168683	0.9995174408
0.1597005576	0.0000000000	0.0000000000	0.8398168683	0.9995174408
0.1597005576	0.0000000000	0.0000000000	0.8398168683	0.9995174408
0.1597005576	0.0000000000	0.0000000000	0.8398168683	0.9995174408
0.1597005576	0.0000000000	0.0000000000	0.8398168683	0.9995174408
0.1597005576	0.0000000000	0.0000000000	0.8398168683	0.9995174408
0.1597005576	0.0000000000	0.0000000000	0.8398168683	0.9995174408
0.1597005576	0.0000000000	0.0000000000	0.8398168683	0.9995174408
0.1597005576	0.0000000000	0.0000000000	0.8398168683	0.9995174408
0.1597005576	0.0000000000	0.0000000000	0.8398168683	0.9995174408
0.1597005576	0.0000000000	0.0000000000	0.8398168683	0.9995174408
0.1597005576	0.0000000000	0.0000000000	0.8398168683	0.9995174408
0.1597005576	0.0000000000	0.0000000000	0.8398168683	0.9995174408
0.1597005576	0.0000000000	0.0000000000	0.8398168683	0.9995174408
0.1597005576	0.0000000000	0.0000000000	0.8398168683	0.9995174408
0.1597005576	0.0000000000	0.0000000000	0.8398168683	0.9995174408
0.1597005576	0.0000000000	0.0000000000	0.8398168683	0.9995174408
0.1597005576	0.0000000000	0.0000000000	0.8398168683	0.9995174408
0.1597005576	0.0000000000	0.0000000000	0.8398168683	0.9995174408
0.1597005576	0.0000000000	0.0000000000	0.8398168683	0.9995174408
0.1597005576	0.0000000000	0.0000000000	0.8398168683	0.9995174408
0.1597005576	0.0000000000	0.0000000000	0.8398168683	0.9995174408
0.1597005576	0.0000000000	0.0000000000	0.8398168683	0.9995174408
0.1597005576	0.0000000000	0.0000000000	0.8398168683	0.9995174408
0.1597005576	0.0000000000	0.0000000000	0.8398168683	0.9995174408
0.1597005576	0.0000000000	0.0000000000	0.8398168683	0.9995174408
0.1597005576	0.0000000000	0.0000000000	0.8398168683	0.9995174408
0.1597005576	0.0000000000	0.0000000000	0.8398168683	0.9995174408
0.1597005576	0.0000000000	0.0000000000	0.8398168683	0.9995174408
0.1597005576	0.0000000000	0.0000000000	0.8398168683	0.9995174408
0.1597005576	0.0000000000	0.0000000000	0.8398168683	0.9995174408
0.1597005576	0.0000000000	0.0000000000	0.8398168683	0.9995174408
0.1597005576	0.0000000000	0.0000000000	0.8398168683	0.9995174408
0.1597005576	0.0000000000	0.0000000000	0.8398168683	0.9995174408
0.1597005576	0.0000000000	0.0000000000	0.8398168683	0.9995174408
0.1597005576	0.0000000000	0.0000000000	0.8398168683	0.9995174408
0.1597005576	0.0000000000	0.0000000000	0.8398168683	0.9995174408
0.1597005576	0.0000000000	0.0000000000	0.8398168683	0.9995174408
0.1597005576	0.0000000000	0.0000000000	0.8398168683	0.9995174408
0.1597005576	0.0000000000	0.0000000000	0.8398168683	0.9995174408
0.1597005576	0.0000000000	0.0000000000	0.8398168683	0.9995174408
0.1597005576	0.0000000000	0.0000000000	0.8398168683	0.9995174408
0.1597005576	0.0000000000	0.0000000000	0.8398168683	0.9995174408
0.1597005576	0.0000000000	0.0000000000	0.8398168683	0.9995174408
0.1597005576	0.0000000000	0.0000000000	0.8398168683	0.9995174408
0.1597005576	0.0000000000	0.0000000000	0.8398168683	0.9995174408
0.1597005576	0.0000000000	0.0000000000	0.8398168683	0.9995174408
0.1597005576	0.0000000000	0.0000000000	0.8398168683	0.9995174408
0.1597005576	0.0000000000	0.0000000000	0.8398168683	0.9995174408
0.1597005576	0.0000000000	0.0000000000	0.8398168683	0.9995174408
0.1597005576	0.0000000000	0.0000000000	0.8398168683	0.9995174408
0.1597005576	0.0000000000	0.0000000000	0.8398168683	0.9995174408
0.1597005576	0.0000000000	0.0000000000	0.8398168683	0.9995174408
0.1597005576	0.0000000000	0.0000000000	0.8398168683	0.9995174408
0.1597005576	0.0000000000	0.0000000000	0.8398168683	0.9995174408
0.1597005576	0.0000000000	0.0000000000	0.8398168683	0.9995174408
0.1597005576	0.0000000000	0.0000000000	0.8398168683	0.9995174408
0.1597005576	0.0000000000	0.0000000000	0.8398168683	0.9995174408
0.1597005576	0.0000000000	0.0000000000	0.8398168683	0.9995174408
0.1597005576	0.0000000000	0.0000000000	0.8398168683	0.9995174408
0.1597005576	0.0000000000	0.0000000000	0.8398168683	0.9995174408
0.1597005576	0.0000000000	0.0000000000	0.8398168683	0.9995174408
0.1597005576	0.0000000000	0.0000000000	0.8398168683	0.9995174408
0.1597005576	0.0000000000	0.0000000000	0.8398168683	0.9995174408
0.1597005576	0.0000000000	0.0000000000	0.8398168683	0.9995174408
0.1597005576	0.0000000000	0.0000000000	0.8398168683	0.9995174408
0.1597005576	0.0000000000	0.0000000000	0.8398168683	0.9995174408
0.1597005576	0.0000000000	0.0000000000	0.8398168683	0.9995174408
0.1597005576	0.0000000000	0.0000000000	0.8398168683	0.9995174408
0.1597005576	0.0000000000	0.0000000000	0.8398168683	0.9995174408
0.1597005576	0.0000000000	0.0000000000	0.8398168683	0.9995174408
0.1597005576	0.0000000000	0.0000000000	0.8398168683	0.9995174408
0.1597005576	0.0000000000	0.0000000000	0.8398168683	0.9995174408
0.1597005576	0.0000000000	0.0000000000	0.8398168683	0.9995174408
0.1597005576	0.0000000000	0.0000000000	0.8398168683	0.9995174408
0.1597005576	0.0000000000	0.0000000000	0.8398168683	0.9995174408
0.1597005576	0.0000000000	0.0000000000	0.8398168683	0.9995174408
0.1597005576	0.0000000000	0.0000000000	0.8398168683	0.9995174408
0.1597005576	0.0000000000	0.0000000000	0.8398168683	0.9995174408
0.1597005576	0.0000000000	0.0000000000	0.8398168683	0.9995174408
0.1597005576	0.0000000000	0.0000000000	0.8398168683	0.9995174408
0.1597005576	0.0000000000	0.0000000000	0.8398168683	0.9995174408
0.1597005576	0.0000000000	0.0000000000	0.8398168683	0.9995174408
0.1597005576	0.0000000000	0.0000000000	0.8398168683	0.9995174408
0.1597005576	0.0000000000	0.0000000000	0.8398168683	0.9995174408
0.1597005576	0.0000000000	0.0000000000	0.8398168683	0.9995174408
0.1597005576	0.0000000000	0.0000000000	0.8398168683	0.9995174408
0.1597005576	0.0000000000	0.0000000000	0.8398168683	0.9995174408
0.1597005576	0.0000000000	0.0000000000	0.8398168683	0.9995174408
0.1597005576	0.0000000000	0.0000000000	0.8398168683	0.9995174408
0.1597005576	0.0000000000	0.0000000000	0.8398168683	0.9995174408
0.1597005576	0.0000000000	0.0000000000	0.8398168683	0.9995174408
0.1597005576	0.0000000000	0.0000000000	0.8398168683	0.9995174408
0.1597005576	0.0000000000	0.0000000000	0.8398168683	0.9995174408
0.1597005576	0.0000000000	0.0000000000	0.8398168683	0.9995174408
0.1597005576	0.0000000000	0.0000000000	0.8398168683	0.9995174408
0.1597005576	0.0000000000	0.0000000000	0.8398168683	0.9995174408
0.1597005576	0.0000000000	0.0000000000	0.8398168683	0.9995174408
0.1597005576	0.0000000000	0.0000000000	0.8398168683	0.9995174408
0.1597005576	0.0000000000	0.0000000000	0.8398168683	0.9995174408
0.1597005576	0.0000000000	0.0000000000	0.8398168683	0.9995174408
0.1597005576	0.0000000000	0.0000000000	0.8398168683	0.9995174408
0.1597005576	0.0000000000	0.0000000000	0.8398168683	0.9995174408
0.1597005576	0.0000000000	0.0000000000	0.8398168683	0.9995174408
0.1597005576	0.0000000000	0.0000000000	0.8398168683	0.9995174408
0.1597005576	0.0000000000	0.0000000000	0.8398168683	0.9995174408
0.1597005576	0.0000000000	0.0000000000	0.8398168683	0.9995174408
0.1597005576	0.0000000000	0.0000000000	0.8398168683	0.9995174408
0.1597005576	0.0000000000	0.0000000000	0.8398168683	0.9995174408
0.1597005576	0.0000000000	0.0000000000	0.8398168683	0.9995174408
0.1597005576	0.0000000000	0.0000000000	0.8398168683	0.9995174408
0.1597005576	0.0000000000	0.0000000000	0.8398168683	0.9995174408
0.1597005576	0.0000000000	0.0000000000	0.8398168683	0.9995174408
0.1597005576	0.0000000000	0.0000000000	0.8398168683	0.9995174408
0.1597005576	0.0000000000	0.0000000000	0.8398168683	0.9995174408
0.1597005576	0.0000000000	0.0000000000	0.8398168683	0.9995174408
0.1597005576	0.0000000000	0.0000000000	0.8398168683	0.9995174408
0.1597005576	0.0000000000	0.0000000000	0.8398168683	0.9995174408
0.1597005576	0.0000000000	0.0000000000	0.8398168683	0.9995174408
0.1597005576	0.0000000000	0.0000000000	0.8398168683	0.9995174408
0.1597005576	0.0000000000	0.0000000000	0.8398168683	0.9995174408
0.1597005576	0.0000000000	0.0000000000	0.8398168683	0.9995174408
0.1597005576	0.0000000000	0.0000000000	0.8398168683	0.9995174408
0.1597005576	0.0000000000	0.0000000000	0.8398168683	0.9995174408
0.1597005576	0.0000000000	0.0000000000	0.8398168683	0.9995174408
0.1597005576	0.0000000000	0.0000000000	0.8398168683	0.9995174408
0.1597005576	0.0000000000	0.0000000000	0.8398168683	0.9995174408
0.1597005576	0.0000000000	0.0000000000	0.8398168683	0.9995174408
0.1597005576	0.0000000000	0.0000000000	0.8398168683	0.9995174408
0.1597005576	0.0000000000	0.0000000000	0.8398168683	0.9995174408
0.1597005576	0.0000000000	0.0000000000	0.8398168683	0.9995174408
0.1597005576	0.0000000000	0.0000000000	0.8398168683	0.9995174408
0.1597005576	0.0000000000	0.0000000000	0.8398168683	0.9995174408
0.1597005576	0.0000000000	0.0000000000	0.8398168683	0.9995174408
0.1597005576	0.0000000000	0.0000000000	0.8398168683	0.9995174408
0.1597005576	0.0000000000	0.0000000000	0.8398168683	0.9995174408
0.1597005576	0.0000000000	0.0000000000	0.8398168683	0.9995174408
0.1597005576	0.0000000000	0.0000000000	0.8398168683	0.9995174408
0.1597005576	0.0000000000	0.0000000000	0.8398168683	0.9995174408
0.1597005576	0.0000000000	0.0000000000	0.8398168683	0.9995174408
0.1597005576	0.0000000000	0.0000000000	0.8398168683	0.9995174408
0.1597005576	0.0000000000	0.0000000000	0.8398168683	0.9995174408
0.1597005576	0.0000000000	0.0000000000	0.8398168683	0.9995174408
0.1597005576	0.0000000000	0.0000000000	0.8398168683	0.9995174408
0.1597005576	0.0000000000	0.0000000000	0.8398168683	0.9995174408
0.1597005576	0.0000000000	0.0000000000	0.8398168683	0.9995174408
0.1597005576	0.0000000000	0.0000000000	0.8398168683	0.9995174408
0.1597005576	0.0000000000	0.0000000000	0.8398168683	0.9995174408
0.1597005576	0.0000000000	0.0000000000	0.8398168683	0.9995174408
0.1597005576	0.0000000000	0.0000000000	0.8398168683	0.9995174408
0.1597005576	0.0000000000	0.0000000000	0.8398168683	0.9995174408
0.1597005576	0.0000000000	0.0000000000	0.8398168683	0.9995174408
0.1597005576	0.0000000000	0.0000000000	0.8398168683	0.9995174408
0.1597005576	0.0000000000	0.0000000000	0.8398168683	0.9995174408
0.1597005576	0.0000000000	0.0000000000	0.8398168683	0.9995174408
0.1597005576	0.0000000000	0.0000000000	0.8398168683	0.9995174408
0.1597005576	0.0000000000	0.0000000000	0.8398168683	0.9995174408
0.1597005576	0.0000000000	0.0000000000	0.8398168683	0.9995174408
0.1597005576	0.0000000000	0.0000000000	0.8398168683	0.9995174408
0.1597005576	0.0000000000	0.0000000000	0.8398168683	0.9995174408
0.1597005576	0.0000000000	0.0000000000	0.8398168683	0.9995174408
0.1597005576	0.0000000000	0.0000000000	0.8398168683	0.9995174408
0.1597005576	0.0000000000	0.0000000000	0.8398168683	0.9995174408
0.1597005576	0.0000000000	0.0000000000	0.8398168683	0.9995174408
0.1597005576	0.0000000000	0.0000000000	0.8398168683	0.9995174408
0.1597005576	0.0000000000	0.0000000000	0.8398168683	0.9995174408
0.1597005576	0.0000000000	0.0000000000	0.8398168683	0.9995174408
0.1597005576	0.0000000000	0.0000000000	0.8398168683	0.9995174408
0.1597005576	0.0000000000	0.0000000000	0.8398168683	0.9995174408
0.1597005576	0.0000000000	0.0000000000	0.8398168683	0.9995174408
0.1597005576	0.0000000000	0.0000000000	0.8398168683	0.9995174408
0.1597005576	0.0000000000	0.0000000000	0.8398168683	0.9995174408
0.1597005576	0.0000000000	0.0000000000	0.8398168683	0.9995174408
0.1597005576	0.0000000000	0.0000000000	0.8398168683	0.9995174408
0.1597005576	0.0000000000	0.0000000000	0.8398168683	0.9995174408
0.1597005576	0.0000000000	0.0000000000	0.8398168683	0.9995174408
0.1597005576	0.0000000000	0.0000000000	0.8398168683	0.9995174408
0.1597005576	0.0000000000	0.0000000000	0.8398168683	0.9995174408
0.1597005576	0.0000000000	0.0000000000	0.8398168683	0.9995174408
0.1597005576	0.0000000000	0.0000000000	0.8398168683	0.9995174408
0.1597005576	0.0000000000	0.0000000000	0.8398168683	0.9995174408
0.1597005576	0.0000000000	0.0000000000	0.8398168683	0.9995174408
0.1597005576	0.0000000000	0.0000000000	0.8398168683	0.9995174408
0.1597005576	0.0000000000	0.0000000000	0.8398168683	0.9995174408
0.1597005576	0.0000000000	0.0000000000	0.8398168683	0.9995174408
0.1597005576	0.0000000000	0.0000000000	0.8398168683	0.9995174408
0.1597005576	0.0000000000	0.0000000000	0.8398168683	0.9995174408
0.1597005576	0.0000000000	0.0000000000	0.8398168683	0.9995174408
0.1597005576	0.0000000000	0.0000000000	0.8398168683	0.9995174408
0.1597005576	0.0000000000	0.0000000000	0.8398168683	0.9995174408
0.1597005576	0.0000000000	0.0000000000	0.8398168683	0.9995174408
0.1597005576	0.0000000000	0.0000000000	0.8398168683	0.9995174408
0.1597005576	0.0000000000	0.0000000000	0.8398168683	0.9995174408
0.1597005576	0.0000000000	0.0000000000	0.8398168683	0.9995174408
0.1597005576	0.0000000000	0.0000000000	0.8398168683	0.9995174408
0.1597005576	0.0000000000	0.0000000000	0.8398168683	0.9995174408
0.1597005576	0.0000000000	0.0000000000	0.8398168683	0.9995174408
0.1597005576	0.0000000000	0.0000000000	0.8398168683	0.9995174408
0.1597005576	0.0000000000	0.0000000000	0.8398168683	0.9995174408
0.1597005576	0.0000000000	0.0000000000	0.8398168683	0.9995174408
0.1597005576	0.0000000000	0.0000000000	0.8398168683	0.9995174408
0.1597005576	0.0000000000	0.0000000000	0.8398168683	0.9995174408
0.1597005576	0.0000000000	0.0000000000	0.8398168683	0.9995174408
0.1597005576	0.0000000000	0.0000000000	0.8398168683	0.9995174408
0.1597005576	0.0000000000	0.0000000000	0.8398168683	0.9995174408
0.1597005576	0.0000000000	0.0000000000	0.8398168683	0.9995174408
0.1597005576	0.0000000000	0.0000000000	0.8398168683	0.9995174408
0.1597005576	0.0000000000	0.0000000000	0.8398168683	0.9995174408
0.1597005576	0.0000000000	0.0000000000	0.8398168683	0.9995174408
0.1597005576	0.0000000000	0.0000000000	0.8398168683	0.9995174408
0.1597005576	0.0000000000	0.0000000000	0.8398168683	0.9995174408
0.1597005576	0.0000000000	0.0000000000	0.8398168683	0.9995174408
0.1597005576	0.0000000000	0.0000000000	0.8398168683	0.9995174408
0.1597005576	0.0000000000	0.0000000000	0.8398168683	0.9995174408
0.1597005576	0.0000000000	0.0000000000	0.8398168683	0.9995174408
0.1597005576	0.0000000000	0.0000000000	0.8398168683	0.9995174408
0.1597005576	0.0000000000	0.0000000000	0.8398168683	0.9995174408
0.1597005576	0.0000000000	0.0000000000	0.8398168683	0.9995174408
0.1597005576	0.0000000000	0.0000000000	0.8398168683	0.9995174408
0.1597005576	0.0000000000	0.0000000000	0.8398168683	0.9995174408
0.1597005576	0.0000000000	0.0000000000	0.8398168683	0.9995174408
0.1597005576	0.0000000000	0.0000000000	0.8398168683	0.9995174408
0.1597005576	0.0000000000	0.0000000000	0.8398168683	0.9995174408
0.1597005576	0.0000000000	0.0000000000	0.8398168683	0.9995174408
0.1597005576	0.0000000000	0.0000000000	0.8398168683	0.9995174408
0.1597005576	0.0000000000	0.0000000000	0.8398168683	0.9995174408
0.1597005576	0.0000000000	0.0000000000	0.8398168683	0.9995174408
0.1597005576	0.0000000000	0.0000000000	0.8398168683	0.9995174408
0.1597005576	0.0000000000	0.0000000000	0.8398168683	0.9995174408
0.1597005576	0.0000000000	0.0000000000	0.8398168683	0.9995174408
0.1597005576	0.0000000000	0.0000000000	0.8398168683	0.9995174408
0.1597005576	0.0000000000	0.0000000000	0.8398168683	0.9995174408
0.1597005576	0.0000000000	0.0000000000	0.8398168683	0.9995174408
0.1597005576	0.0000000000	0.0000000000	0.8398168683	0.9995174408
0.1597005576	0.0000000000	0.0000000000	0.8398168683	0.9995174408
0.1597005576	0.0000000000	0.0000000000	0.8398168683	0.9995174408
0.1597005576	0.0000000000	0.0000000000	0.8398168683	0.9995174408
0.1597005576	0.0000000000	0.0000000000	0.8398168683	0.9995174408
0.1597005576	0.0000000000	0.0000000000	0.8398168683	0.9995174408
0.1597005576	0.0000000000	0.0000000000	0.8398168683	0.9995174408
0.1597005576	0.0000000000	0.0000000000	0.8398168683	0.9995174408
0.1597005576	0.0000000000	0.0000000000	0.8398168683	0.9995174408
0.1597005576	0.0000000000	0.0000000000	0.8398168683	0.9995174408
0.1597005576	0.0000000000	0.0000000000	0.8398168683	0.9995174408
0.1597005576	0.0000000000	0.0000000000	0.8398168683	0.9995174408
0.1597005576	0.0000000000	0.0000000000	0.8398168683	0.9995174408
0.1597005576	0.0000000000	0.0000000000	0.8398168683	0.9995174408
0.1597005576	0.0000000000	0.0000000000	0.8398168683	0.9995174408
0.1597005576	0.0000000000	0.0000000000	0.8398168683	0.9995174408
0.1597005576	0.0000000000	0.0000000000	0.8398168683	0.9995174408
0.1597005576	0.0000000000	0.0000000000	0.8398168683	0.9995174408
0.1597005576	0.0000000000	0.0000000000	0.8398168683	0.9995174408
0.1597005576	0.0000000000	0.0000000000	0.8398168683	0.9995174408
0.1597005576	0.0000000000	0.0000000000	0.8398168683	0.9995174408
0.1597005576	0.0000000000	0.0000000000	0.8398168683	0.9995174408
0.1597005576	0.0000000000	0.0000000000	0.8398168683	0.9995174408
0.1597005576	0.0000000000	0.0000000000	0.8398168683	0.9995174408
0.1597005576	0.0000000000	0.0000000000	0.8398168683	0.9995174408
0.1597005576	0.0000000000	0.0000000000	0.8398168683	0.9995174408
0.1597005576	0.0000000000	0.0000000000	0.8398168683	0.9995174408
0.1597005576	0.0000000000	0.0000000000	0.8398168683	0.9995174408
0.1597005576	0.0000000000	0.0000000000	0.8398168683	0.9995174408
0.1597005576	0.0000000000	0.0000000000	0.8398168683	0.9995174408
0.1597005576	0.0000000000	0.0000000000	0.8398168683	0.9995174408
0.1597005576	0.0000000000	0.0000000000	0.8398168683	0.9995174408
0.1597005576	0.0000000000	0.0000000000	0.8398168683	0.9995174408
0.1597005576	0.0000000000	0.0000000000	0.8398168683	0.9995174408
0.1597005576	0.0000000000	0.0000000000	0.8398168683	0.9995174408
0.1597005576	0.0000000000	0.0000000000	0.8398168683	0.9995174408
0.1597005576	0.0000000000	0.0000000000	0.8398168683	0.9995174408
0.1597005576	0.0000000000	0.0000000000	0.8398168683	0.9995174408
0.1597005576	0.0000000000	0.0000000000	0.8398168683	0.9995174408
0.1597005576	0.0000000000	0.0000000000	0.8398168683	0.9995174408
0.1597005576	0.0000000000	0.0000000000	0.8398168683	0.9995174408
0.1597005576	0.0000000000	0.0000000000	0.8398168683	0.9995174408
0.1597005576	0.0000000000	0.0000000000	0.8398168683	0.9995174408
0.1597005576	0.0000000000	0.0000000000	0.8398168683	0.9995174408
0.1597005576	0.0000000000	0.0000000000	0.8398168683	0.9995174408
0.1597005576	0.0000000000	0.0000000000	0.8398168683	0.9995174408
0.1597005576	0.0000000000	0.0000000000	0.8398168683	0.9995174408
0.1597005576	0.0000000000	0.0000000000	0.8398168683	0.9995174408
0.1597005576	0.0000000000	0.0000000000	0.8398168683	0.9995174408
0.1597005576	0.0000000000	0.0000000000	0.8398168683	0.9995174408
0.1597005576	0.0000000000	0.0000000000	0.8398168683	0.9995174408
0.1597005576	0.0000000000	0.0000000000	0.8398168683	0.9995174408
0.1597005576	0.0000000000	0.0000000000	0.8398168683	0.9995174408
0.1597005576	0.0000000000	0.0000000000	0.8398168683	0.9995174408
0.1597005576	0.0000000000	0.0000000000	0.8398168683	0.9995174408
0.1597005576	0.0000000000	0.0000000000	0.8398168683	0.9995174408
0.1597005576	0.0000000000	0.0000000000	0.8398168683	0.9995174408
0.1597005576	0.0000000000	0.0000000000	0.8398168683	0.9995174408
0.1597005576	0.0000000000	0.0000000000	0.8398168683	0.9995174408
0.1597005576	0.0000000000	0.0000000000	0.8398168683	0.9995174408
0.1597005576	0.0000000000	0.0000000000	0.8398168683	0.9995174408
0.1597005576	0.0000000000	0.0000000000	0.8398168683	0.9995174408
0.1597005576	0.0000000000	0.0000000000	0.8398168683	0.9995174408
0.1597005576	0.0000000000	0.0000000000	0.8398168683	0.9995174408
0.1597005576	0.0000000000	0.0000000000	0.8398168683	0.9995174408
0.1597005576	0.0000000000	0.0000000000	0.8398168683	0.9995174408
0.1597005576	0.0000000000	0.0000000000	0.8398168683	0.9995174408
0.1597005576	0.0000000000	0.0000000000	0.8398168683	0.9995174408
0.1597005576	0.0000000000	0.0000000000	0.8398168683	0.9995174408
0.1597005576	0.0000000000	0.0000000000	0.8398168683	0.9995174408
0.1597005576	0.0000000000	0.0000000000	0.8398168683	0.9995174408
0.1597005576	0.0000000000	0.0000000000	0.8398168683	0.9995174408
0.1597005576	0.0000000000	0.0000000000	0.8398168683	0.9995174408
0.1597005576	0.0000000000	0.0000000000	0.8398168683	0.9995174408
0.1597005576	0.0000000000	0.0000000000	0.8398168683	0.9995174408
0.1597005576	0.0000000000	0.0000000000	0.8398168683	0.9995174408
0.1597005576	0.0000000000	0.0000000000	0.8398168683	0.9995174408
0.1597005576	0.0000000000	0.0000000000	0.8398168683	0.9995174408
0.1597005576	0.0000000000	0.0000000000	0.8398168683	0.9995174408
0.1597005576	0.0000000000	0.0000000000	0.8398168683	0.9995174408
0.1597005576	0.0000000000	0.0000000000	0.8398168683	0.9995174408
0.1597005576	0.0000000000	0.0000000000	0.8398168683	0.9995174408
0.1597005576	0.0000000000	0.0000000000	0.8398168683	0.9995174408
0.1597005576	0.0000000000	0.0000000000	0.8398168683	0.9995174408
0.1597005576	0.0000000000	0.0000000000	0.8398168683	0.9995174408
0.1597005576	0.0000000000	0.0000000000	0.8398168683	0.9995174408
0.1597005576	0.0000000000	0.0000000000	0.8398168683	0.9995174408
0.1597005576	0.0000000000	0.0000000000	0.8398168683	0.9995174408
0.1597005576	0.0000000000	0.0000000000	0.8398168683	0.9995174408
0.1597005576	0.0000000000	0.0000000000	0.8398168683	0.9995174408
0.1597005576	0.0000000000	0.0000000000	0.8398168683	0.9995174408
0.1597005576	0.0000000000	0.0000000000	0.8398168683	0.9995174408
0.1597005576	0.0000000000	0.0000000000	0.8398168683	0.9995174408
0.1597005576	0.0000000000	0.0000000000	0.8398168683	0.9995174408
0.1597005576	0.0000000000	0.0000000000	0.8398168683	0.9995174408
0.1597005576	0.0000000000	0.0000000000	0.8398168683	0.9995174408
0.1597005576	0.0000000000	0.0000000000	0.8398168683	0.9995174408
0.1597005576	0.0000000000	0.0000000000	0.8398168683	0.9995174408
0.1597005576	0.0000000000	0.0000000000	0.8398168683	0.9995174408
0.1597005576	0.0000000000	0.0000000000	0.8398168683	0.9995174408
0.1597005576	0.0000000000	0.0000000000	0.8398168683	0.9995174408
0.1597005576	0.0000000000	0.0000000000	0.8398168683	0.9995174408
0.1597005576	0.0000000000	0.0000000000	0.8398168683	0.9995174408
0.1597005576	0.0000000000	0.0000000000	0.8398168683	0.9995174408
0.1597005576	0.0000000000	0.0000000000	0.8398168683	0.9995174408
0.1597005576	0.0000000000	0.0000000000	0.8398168683	0.9995174408
0.1597005576	0.0000000000	0.0000000000	0.8398168683	0.9995174408
0.1597005576	0.0000000000	0.0000000000	0.8398168683	0.9995174408
0.1597005576	0.0000000000	0.0000000000	0.8398168683	0.9995174408
0.1597005576	0.0000000000	0.0000000000	0.8398168683	0.9995174408
0.1597005576	0.0000000000	0.0000000000	0.8398168683	0.9995174408
0.1597005576	0.0000000000	0.0000000000	0.8398168683	0.9995174408
0.1597005576	0.0000000000	0.0000000000	0.8398168683	0.9995174408
0.1597005576	0.0000000000	0.0000000000	0.8398168683	0.9995174408
0.1597005576	0.0000000000	0.0000000000	0.8398168683	0.9995174408
0.1597005576	0.0000000000	0.0000000000	0.8398168683	0.9995174408
0.1597005576	0.0000000000	0.0000000000	0.8398168683	0.9995174408
0.1597005576	0.0000000000	0.0000000000	0.8398168683	0.9995174408
0.1597005576	0.0000000000	0.0000000000	0.8398168683	0.9995174408
0.1597005576	0.0000000000	0.0000000000	0.8398168683	0.9995174408
0.1597005576	0.0000000000	0.0000000000	0.8398168683	0.9995174408
0.1597005576	0.0000000000	0.0000000000	0.8398168683	0.9995174408
0.1597005576	0.0000000000	0.0000000000	0.8398168683	0.9995174408
0.1597005576	0.0000000000	0.0000000000	0.8398168683	0.9995174408
0.1597005576	0.0000000000	0.0000000000	0.8398168683	0.9995174408
0.1597005576	0.0000000000	0.0000000000	0.8398168683	0.9995174408
0.1597005576	0.0000000000	0.0000000000	0.8398168683	0.9995174408
0.1597005576	0.0000000000	0.0000000000	0.8398168683	0.9995174408
0.1597005576	0.0000000000	0.0000000000	0.8398168683	0.9995174408
0.1597005576	0.0000000000	0.0000000000	0.8398168683	0.9995174408
0.1597005576	0.0000000000	0.0000000000	0.8398168683	0.9995174408
0.1597005576	0.0000000000	0.0000000000	0.8398168683	0.9995174408
0.1597005576	0.0000000000	0.0000000000	0.8398168683	0.9995174408
0.1597005576	0.0000000000	0.0000000000	0.8398168683	0.9995174408
0.1597005576	0.0000000000	0.0000000000	0.8398168683	0.9995174408
0.1597005576	0.0000000000	0.0000000000	0.8398168683	0.9995174408
0.1597005576	0.0000000000	0.0000000000	0.8398168683	0.9995174408
0.1597005576	0.0000000000	0.0000000000	0.8398168683	0.9995174408
0.1597005576	0.0000000000	0.0000000000	0.8398168683	0.9995174408
0.1597005576	0.0000000000	0.0000000000	0.8398168683	0.9995174408
0.1597005576	0.0000000000	0.0000000000	0.8398168683	0.9995174408
0.1597005576	0.0000000000	0.0000000000	0.8398168683	0.9995174408
0.1597005576	0.0000000000	0.0000000000	0.8398168683	0.9995174408
0.1597005576	0.0000000000	0.0000000000	0.8398168683	0.9995174408
0.1597005576	0.0000000000	0.0000000000	0.8398168683	0.9995174408
0.1597005576	0.0000000000	0.0000000000	0.8398168683	0.9995174408
0.1597005576	0.0000000000	0.0000000000	0.8398168683	0.9995174408
0.1597005576	0.0000000000	0.0000000000	0.8398168683	0.9995174408
0.1597005576	0.0000000000	0.0000000000	0.8398168683	0.9995174408
0.1597005576	0.0000000000	0.0000000000	0.8398168683	0.9995174408
0.1597005576	0.0000000000	0.0000000000	0.8398168683	0.9995174408
0.1597005576	0.0000000000	0.0000000000	0.8398168683	0.9995174408
0.1597005576	0.0000000000	0.0000000000	0.8398168683	0.9995174408
0.1597005576	0.0000000000	0.0000000000	0.8398168683	0.9995174408
0.1597005576	0.0000000000	0.0000000000	0.8398168683	0.9995174408
0.1597005576	0.0000000000	0.0000000000	0.8398168683	0.9995174408
0.1597005576	0.0000000000	0.0000000000	0.8398168683	0.9995174408
0.1597005576	0.0000000000	0.0000000000	0.8398168683	0.9995174408
0.1597005576	0.0000000000	0.0000000000	0.8398168683	0.9995174408
0.1597005576	0.0000000000	0.0000000000	0.8398168683	0.9995174408
0.1597005576	0.0000000000	0.0000000000	0.8398168683	0.9995174408
0.1597005576	0.0000000000	0.0000000000	0.8398168683	0.9995174408
0.1597005576	0.0000000000	0.0000000000	0.8398168683	0.9995174408
0.1597005576	0.0000000000	0.0000000000	0.8398168683	0.9995174408
0.1597005576	0.0000000000	0.0000000000	0.8398168683	0.9995174408
0.1597005576	0.0000000000	0.0000000000	0.8398168683	0.9995174408
0.1597005576	0.0000000000	0.0000000000	0.8398168683	0.9995174408
0.1597005576	0.0000000000	0.0000000000	0.8398168683	0.9995174408
0.1597005576	0.0000000000	0.0000000000	0.8398168683	0.9995174408
0.1597005576	0.0000000000	0.0000000000	0.8398168683	0.9995174408
0.1597005576	0.0000000000	0.0000000000	0.8398168683	0.9995174408
0.1597005576	0.0000000000	0.0000000000	0.8398168683	0.9995174408
0.1597005576	0.0000000000	0.0000000000	0.8398168683	0.9995174408
0.1597005576	0.0000000000	0.0000000000	0.8398168683	0.9995174408
0.1597005576	0.0000000000	0.0000000000	0.8398168683	0.9995174408
0.1597005576	0.0000000000	0.0000000000	0.8398168683	0.9995174408
0.1597005576	0.0000000000	0.0000000000	0.8398168683	0.9995174408
0.1597005576	0.0000000000	0.0000000000	0.8398168683	0.9995174408
0.1597005576	0.0000000000	0.0000000000	0.8398168683	0.9995174408
0.1597005576	0.0000000000	0.0000000000	0.8398168683	0.9995174408
0.1597005576	0.0000000000	0.0000000000	0.8398168683	0.9995174408
0.1597005576	0.0000000000	0.0000000000	0.8398168683	0.9995174408
0.1597005576	0.0000000000	0.0000000000	0.8398168683	0.9995174408
0.1597005576	0.0000000000	0.0000000000	0.8398168683	0.9995174408
0.1597005576	0.0000000000	0.0000000000	0.8398168683	0.9995174408
0.1597005576	0.0000000000	0.0000000000	0.8398168683	0.9995174408
0.1597005576	0.0000000000	0.0000000000	0.8398168683	0.9995174408
0.1597005576	0.0000000000	0.0000000000	0.8398168683	0.9995174408
0.1597005576	0.0000000000	0.0000000000	0.8398168683	0.9995174408
0.1597005576	0.0000000000	0.0000000000	0.8398168683	0.9995174408
0.1597005576	0.0000000000	0.0000000000	0.8398168683	0.9995174408
0.1597005576	0.0000000000	0.0000000000	0.8398168683	0.9995174408
0.1597005576	0.0000000000	0.0000000000	0.8398168683	0.9995174408
0.1597005576	0.0000000000	0.0000000000	0.8398168683	0.9995174408
0.1597005576	0.0000000000	0.0000000000	0.8398168683	0.9995174408
0.1597005576	0.0000000000	0.0000000000	0.8398168683	0.9995174408
0.1597005576	0.0000000000	0.0000000000	0.8398168683	0.9995174408
0.1597005576	0.0000000000	0.0000000000	0.8398168683	0.9995174408
0.1597005576	0.0000000000	0.0000000000	0.8398168683	0.9995174408
0.1597005576	0.0000000000	0.0000000000	0.8398168683	0.9995174408
0.1597005576	0.0000000000	0.0000000000	0.8398168683	0.9995174408
0.1597005576	0.0000000000	0.0000000000	0.8398168683	0.9995174408
0.1597005576	0.0000000000	0.0000000000	0.8398168683	0.9995174408
0.1597005576	0.0000000000	0.0000000000	0.8398168683	0.9995174408
0.1597005576	0.0000000000	0.0000000000	0.8398168683	0.9995174408
0.1597005576	0.0000000000	0.0000000000	0.8398168683	0.9995174408
0.1597005576	0.0000000000	0.0000000000	0.8398168683	0.9995174408
0.1597005576	0.0000000000	0.0000000000	0.8398168683	0.9995174408
0.1597005576	0.0000000000	0.0000000000	0.8398168683	0.9995174408
0.1597005576	0.0000000000	0.0000000000	0.8398168683	0.9995174408
0.1597005576	0.0000000000	0.0000000000	0.8398168683	0.9995174408
0.1597005576	0.0000000000	0.0000000000	0.8398168683	0.9995174408
0.1597005576	0.0000000000	0.0000000000	0.8398168683	0.9995174408
0.1597005576	0.0000000000	0.0000000000	0.8398168683	0.9995174408
0.1597005576	0.0000000000	0.0000000000	0.8398168683	0.9995174408
0.1597005576	0.0000000000	0.0000000000	0.8398168683	0.9995174408
0.1597005576	0.0000000000	0.0000000000	0.8398168683	0.9995174408
0.1597005576	0.0000000000	0.0000000000	0.8398168683	0.9995174408
0.1597005576	0.0000000000	0.0000000000	0.8398168683	0.9995174408
0.1597005576	0.0000000000	0.0000000000	0.8398168683	0.9995174408
0.1597005576	0.0000000000	0.0000000000	0.8398168683	0.9995174408
0.1597005576	0.0000000000	0.0000000000	0.8398168683	0.9995174408
0.1597005576	0.0000000000	0.0000000000	0.8398168683	0.9995174408
0.1597005576	0.0000000000	0.0000000000	0.8398168683	0.9995174408
0.1597005576	0.0000000000	0.0000000000	0.8398168683	0.9995174408
0.1597005576	0.0000000000	0.0000000000	0.8398168683	0.9995174408
0.1597005576	0.0000000000	0.0000000000	0.8398168683	0.9995174408
0.1597005576	0.0000000000	0.0000000000	0.8398168683	0.9995174408
0.1597005576	0.0000000000	0.0000000000	0.8398168683	0.9995174408
0.1597005576	0.0000000000	0.0000000000	0.8398168683	0.9995174408
0.1597005576	0.0000000000	0.0000000000	0.8398168683	0.9995174408
0.1597005576	0.0000000000	0.0000000000	0.8398168683	0.9995174408
0.1597005576	0.0000000000	0.0000000000	0.8398168683	0.9995174408
0.1597005576	0.0000000000	0.0000000000	0.8398168683	0.9995174408
0.1597005576	0.0000000000	0.0000000000	0.8398168683	0.9995174408
0.1597005576	0.0000000000	0.0000000000	0.8398168683	0.9995174408
0.1597005576	0.0000000000	0.0000000000	0.8398168683	0.9995174408
0.1597005576	0.0000000000	0.0000000000	0.8398168683	0.9995174408
0.1597005576	0.0000000000	0.0000000000	0.8398168683	0.9995174408
0.1597005576	0.0000000000	0.0000000000	0.8398168683	0.9995174408
0.1597005576	0.0000000000	0.0000000000	0.8398168683	0.9995174408
0.1597005576	0.0000000000	0.0000000000	0.8398168683	0.9995174408
0.1597005576	0.0000000000	0.0000000000	0.8398168683	0.9995174408
0.1597005576	0.0000000000	0.0000000000	0.8398168683	0.9995174408
0.1597005576	0.0000000000	0.0000000000	0.8398168683	0.9995174408
0.1597005576	0.0000000000	0.0000000000	0.8398168683	0.9995174408
0.1597005576	0.0000000000	0.0000000000	0.8398168683	0.9995174408
0.1597005576	0.0000000000	0.0000000000	0.8398168683	0.9995174408
0.1597005576	0.0000000000	0.0000000000	0.8398168683	0.9995174408
0.1597005576	0.0000000000	0.0000000000	0.8398168683	0.9995174408
0.1597005576	0.0000000000	0.0000000000	0.8398168683	0.9995174408
0.1597005576	0.0000000000	0.0000000000	0.8398168683	0.9995174408
0.1597005576	0.0000000000	0.0000000000	0.8398168683	0.9995174408
0.1597005576	0.0000000000	0.0000000000	0.8398168683	0.9995174408
0.1597005576	0.0000000000	0.0000000000	0.8398168683	0.9995174408
0.1597005576	0.0000000000	0.0000000000	0.8398168683	0.9995174408
0.1597005576	0.0000000000	0.0000000000	0.8398168683	0.9995174408
0.1597005576	0.0000000000	0.0000000000	0.8398168683	0.9995174408
0.1597005576	0.0000000000	0.0000000000	0.8398168683	0.9995174408
0.1597005576	0.0000000000	0.0000000000	0.8398168683	0.9995174408
0.1597005576	0.0000000000	0.0000000000	0.8398168683	0.9995174408
0.1597005576	0.0000000000	0.0000000000	0.8398168683	0.9995174408
0.1597005576	0.0000000000	0.0000000000	0.8398168683	0.9995174408
0.1597005576	0.0000000000	0.0000000000	0.8398168683	0.9995174408
0.1597005576	0.0000000000	0.0000000000	0.8398168683	0.9995174408
0.1597005576	0.0000000000	0.0000000000	0.8398168683	0.9995174408
0.1597005576	0.0000000000	0.0000000000	0.8398168683	0.9995174408
0.1597005576	0.0000000000	0.0000000000	0.8398168683	0.9995174408
0.1597005576	0.0000000000	0.0000000000	0.8398168683	0.9995174408
0.1597005576	0.0000000000	0.0000000000	0.8398168683	0.9995174408
0.1597005576	0.0000000000	0.0000000000	0.8398168683	0.9995174408
0.1597005576	0.0000000000	0.0000000000	0.8398168683	0.9995174408
0.1597005576	0.0000000000	0.0000000000	0.8398168683	0.9995174408
0.1597005576	0.0000000000	0.0000000000	0.8398168683	0.9995174408
0.1597005576	0.0000000000	0.0000000000	0.8398168683	0.9995174408
0.1597005576	0.0000000000	0.0000000000	0.8398168683	0.9995174408
0.1597005576	0.0000000000	0.0000000000	0.8398168683	0.9995174408
0.1597005576	0.0000000000	0.0000000000	0.8398168683	0.9995174408
0.1597005576	0.0000000000	0.0000000000	0.8398168683	0.9995174408
0.1597005576	0.0000000000	0.0000000000	0.8398168683	0.9995174408
0.1597005576	0.0000000000	0.0000000000	0.8398168683	0.9995174408
0.1597005576	0.0000000000	0.0000000000	0.8398168683	0.9995174408
0.1597005576	0.0000000000	0.0000000000	0.8398168683	0.9995174408
0.1597005576	0.0000000000	0.0000000000	0.8398168683	0.9995174408
0.1597005576	0.0000000000	0.0000000000	0.8398168683	0.9995174408
0.1597005576	0.0000000000	0.0000000000	0.8398168683	0.9995174408
0.1597005576	0.0000000000	0.0000000000	0.8398168683	0.9995174408
0.1597005576	0.0000000000	0.0000000000	0.8398168683	0.9995174408
0.1597005576	0.0000000000	0.0000000000	0.8398168683	0.9995174408
0.1597005576	0.0000000000	0.0000000000	0.8398168683	0.9995174408
0.1597005576	0.0000000000	0.0000000000	0.8398168683	0.9995174408
0.1597005576	0.0000000000	0.0000000000	0.8398168683	0.9995174408
0.1597005576	0.0000000000	0.0000000000	0.8398168683	0.9995174408
0.1597005576	0.0000000000	0.0000000000	0.8398168683	0.9995174408
0.1597005576	0.0000000000	0.0000000000	0.8398168683	0.9995174408
0.1597005576	0.0000000000	0.0000000000	0.8398168683	0.9995174408
0.1597005576	0.0000000000	0.0000000000	0.8398168683	0.9995174408
0.1597005576	0.0000000000	0.0000000000	0.8398168683	0.9995174408
0.1597005576	0.0000000000	0.0000000000	0.8398168683	0.9995174408
0.1597005576	0.0000000000	0.0000000000	0.8398168683	0.9995174408
0.1597005576	0.0000000000	0.0000000000	0.8398168683	0.9995174408
0.1597005576	0.0000000000	0.0000000000	0.8398168683	0.9995174408
0.1597005576	0.0000000000	0.0000000000	0.8398168683	0.9995174408
0.1597005576	0.0000000000	0.0000000000	0.8398168683	0.9995174408
0.1597005576	0.0000000000	0.0000000000	0.8398168683	0.9995174408
0.1597005576	0.0000000000	0.0000000000	0.8398168683	0.9995174408
0.1597005576	0.0000000000	0.0000000000	0.8398168683	0.9995174408
0.1597005576	0.0000000000	0.0000000000	0.8398168683	0.9995174408
0.1597005576	0.0000000000	0.0000000000	0.8398168683	0.9995174408
0.1597005576	0.0000000000	0.0000000000	0.8398168683	0.9995174408
0.1597005576	0.0000000000	0.0000000000	0.8398168683	0.9995174408
0.1597005576	0.0000000000	0.0000000000	0.8398168683	0.9995174408
0.1597005576	0.0000000000	0.0000000000	0.8398168683	0.9995174408
0.1597005576	0.0000000000	0.0000000000	0.8398168683	0.9995174408
0.1597005576	0.0000000000	0.0000000000	0.8398168683	0.9995174408
0.1597005576	0.0000000000	0.0000000000	0.8398168683	0.9995174408
0.1597005576	0.0000000000	0.0000000000	0.8398168683	0.9995174408
0.1597005576	0.0000000000	0.0000000000	0.8398168683	0.9995174408
0.1597005576	0.0000000000	0.0000000000	0.8398168683	0.9995174408
0.1597005576	0.0000000000	0.0000000000	0.8398168683	0.9995174408
0.1597005576	0.0000000000	0.0000000000	0.8398168683	0.9995174408
0.1597005576	0.0000000000	0.0000000000	0.8398168683	0.9995174408
0.1597005576	0.0000000000	0.0000000000	0.8398168683	0.9995174408
0.1597005576	0.0000000000	0.0000000000	0.8398168683	0.9995174408
0.1597005576	0.0000000000	0.0000000000	0.8398168683	0.9995174408
0.1597005576	0.0000000000	0.0000000000	0.8398168683	0.9995174408
0.1597005576	0.0000000000	0.0000000000	0.8398168683	0.9995174408
0.1597005576	0.0000000000	0.0000000000	0.8398168683	0.9995174408
0.1597005576	0.0000000000	0.0000000000	0.8398168683	0.9995174408
0.1597005576	0.0000000000	0.0000000000	0.8398168683	0.9995174408
0.1597005576	0.0000000000	0.0000000000	0.8398168683	0.9995174408
0.1597005576	0.0000000000	0.0000000000	0.8398168683	0.9995174408
0.1597005576	0.0000000000	0.0000000000	0.8398168683	0.9995174408
0.1597005576	0.0000000000	0.0000000000	0.8398168683	0.9995174408
0.1597005576	0.0000000000	0.0000000000	0.8398168683	0.9995174408
0.1597005576	0.0000000000	0.0000000000	0.8398168683	0.9995174408
0.1597005576	0.0000000000	0.0000000000	0.8398168683	0.9995174408
0.1597005576	0.0000000000	0.0000000000	0.8398168683	0.9995174408
0.1597005576	0.0000000000	0.0000000000	0.8398168683	0.9995174408
0.1597005576	0.0000000000	0.0000000000	0.8398168683	0.9995174408
0.1597005576	0.0000000000	0.0000000000	0.8398168683	0.9995174408
0.1597005576	0.0000000000	0.0000000000	0.8398168683	0.9995174408
0.1597005576	0.0000000000	0.0000000000	0.8398168683	0.9995174408
0.1597005576	0.0000000000	0.0000000000	0.8398168683	0.9995174408
0.1597005576	0.0000000000	0.0000000000	0.8398168683	0.9995174408
0.1597005576	0.0000000000	0.0000000000	0.8398168683	0.9995174408
0.1597005576	0.0000000000	0.0000000000	0.8398168683	0.9995174408
0.1597005576	0.0000000000	0.0000000000	0.8398168683	0.9995174408
0.1597005576	0.0000000000	0.0000000000	0.8398168683	0.9995174408
0.1597005576	0.0000000000	0.0000000000	0.8398168683	0.9995174408
0.1597005576	0.0000000000	0.0000000000	0.8398168683	0.9995174408
0.1597005576	0.0000000000	0.0000000000	0.8398168683	0.9995174408
0.1597005576	0.0000000000	0.0000000000	0.8398168683	0.9995174408
0.1597005576	0.0000000000	0.0000000000	0.8398168683	0.9995174408
0.1597005576	0.0000000000	0.0000000000	0.8398168683	0.9995174408
0.1597005576	0.0000000000	0.0000000000	0.8398168683	0.9995174408
0.1597005576	0.0000000000	0.0000000000	0.8398168683	0.9995174408
0.1597005576	0.0000000000	0.0000000000	0.8398168683	0.9995174408
0.1597005576	0.0000000000	0.0000000000	0.8398168683	0.9995174408
0.1597005576	0.0000000000	0.0000000000	0.8398168683	0.9995174408
0.1597005576	0.0000000000	0.0000000000	0.8398168683	0.9995174408
0.1597005576	0.0000000000	0.0000000000	0.8398168683	0.9995174408
0.1597005576	0.0000000000	0.0000000000	0.8398168683	0.9995174408
0.1597005576	0.0000000000	0.0000000000	0.8398168683	0.9995174408
0.1597005576	0.0000000000	0.0000000000	0.8398168683	0.9995174408
0.1597005576	0.0000000000	0.0000000000	0.8398168683	0.9995174408
0.1597005576	0.0000000000	0.0000000000	0.8398168683	0.9995174408
0.1597005576	0.0000000000	0.0000000000	0.8398168683	0.9995174408
0.1597005576	0.0000000000	0.0000000000	0.8398168683	0.9995174408
0.1597005576	0.0000000000	0.0000000000	0.8398168683	0.9995174408
0.1597005576	0.0000000000	0.0000000000	0.8398168683	0.9995174408
0.1597005576	0.0000000000	0.0000000000	0.8398168683	0.9995174408
0.1597005576	0.0000000000	0.0000000000	0.8398168683	0.9995174408
0.1597005576	0.0000000000	0.0000000000	0.8398168683	0.9995174408
0.1597005576	0.0000000000	0.0000000000	0.8398168683	0.9995174408
0.1597005576	0.0000000000	0.0000000000	0.8398168683	0.9995174408
0.1597005576	0.0000000000	0.0000000000	0.8398168683	0.9995174408
0.1597005576	0.0000000000	0.0000000000	0.8398168683	0.9995174408
0.1597005576	0.0000000000	0.0000000000	0.8398168683	0.9995174408
0.1597005576	0.0000000000	0.0000000000	0.8398168683	0.9995174408
0.1597005576	0.0000000000	0.0000000000	0.8398168683	0.9995174408
0.1597005576	0.0000000000	0.0000000000	0.8398168683	0.9995174408
0.1597005576	0.0000000000	0.0000000000	0.8398168683	0.9995174408
0.1597005576	0.0000000000	0.0000000000	0.8398168683	0.9995174408
0.1597005576	0.0000000000	0.0000000000	0.8398168683	0.9995174408
0.1597005576	0.0000000000	0.0000000000	0.8398168683	0.9995174408
0.1597005576	0.0000000000	0.0000000000	0.8398168683	0.9995174408
0.1597005576	0.0000000000	0.0000000000	0.8398168683	0.9995174408
0.1597005576	0.0000000000	0.0000000000	0.8398168683	0.9995174408
0.1597005576	0.0000000000	0.0000000000	0.8398168683	0.9995174408
0.1597005576	0.0000000000	0.0000000000	0.8398168683	0.9995174408
0.1597005576	0.0000000000	0.0000000000	0.8398168683	0.9995174408
0.1597005576	0.0000000000	0.0000000000	0.8398168683	0.9995174408
0.1597005576	0.0000000000	0.0000000000	0.8398168683	0.9995174408
0.1597005576	0.0000000000	0.0000000000	0.8398168683	0.9995174408
0.1597005576	0.0000000000	0.0000000000	0.8398168683	0.9995174408
0.1597005576	0.0000000000	0.0000000000	0.8398168683	0.9995174408
0.1597005576	0.0000000000	0.0000000000	0.8398168683	0.9995174408
0.1597005576	0.0000000000	0.0000000000	0.8398168683	0.9995174408
0.1597005576	0.0000000000	0.0000000000	0.8398168683	0.9995174408
0.1597005576	0.0000000000	0.0000000000	0.8398168683	0.9995174408
0.1597005576	0.0000000000	0.0000000000	0.8398168683	0.9995174408
0.1597005576	0.0000000000	0.0000000000	0.8398168683	0.9995174408
0.1597005576	0.0000000000	0.0000000000	0.8398168683	0.9995174408
0.1597005576	0.0000000000	0.0000000000	0.8398168683	0.9995174408
0.1597005576	0.0000000000	0.0000000000	0.8398168683	0.9995174408
0.1597005576	0.0000000000	0.0000000000	0.8398168683	0.9995174408
0.1597005576	0.0000000000	0.0000000000	0.8398168683	0.9995174408
0.1597005576	0.0000000000	0.0000000000	0.8398168683	0.9995174408
0.1597005576	0.0000000000	0.0000000000	0.8398168683	0.9995174408
0.1597005576	0.0000000000	0.0000000000	0.8398168683	0.9995174408
0.1597005576	0.0000000000	0.0000000000	0.8398168683	0.9995174408
0.1597005576	0.0000000000	0.0000000000	0.8398168683	0.9995174408
0.1597005576	0.0000000000	0.0000000000	0.8398168683	0.9995174408
0.1597005576	0.0000000000	0.0000000000	0.8398168683	0.9995174408
0.1597005576	0.0000000000	0.0000000000	0.8398168683	0.9995174408
0.1597005576	0.0000000000	0.0000000000	0.8398168683	0.9995174408
0.1597005576	0.0000000000	0.0000000000	0.8398168683	0.9995174408
0.1597005576	0.0000000000	0.0000000000	0.8398168683	0.9995174408
0.1597005576	0.0000000000	0.0000000000	0.8398168683	0.9995174408
0.1597005576	0.0000000000	0.0000000000	0.8398168683	0.9995174408
0.1597005576	0.0000000000	0.0000000000	0.8398168683	0.9995174408
0.1597005576	0.0000000000	0.0000000000	0.8398168683	0.9995174408
0.1597005576	0.0000000000	0.0000000000	0.8398168683	0.9995174408
0.1597005576	0.0000000000	0.0000000000	0.8398168683	0.9995174408
0.1597005576	0.0000000000	0.0000000000	0.8398168683	0.9995174408
0.1597005576	0.0000000000	0.0000000000	0.8398168683	0.9995174408
0.1597005576	0.0000000000	0.0000000000	0.8398168683	0.9995174408
0.1597005576	0.0000000000	0.0000000000	0.8398168683	0.9995174408
0.1597005576	0.0000000000	0.0000000000	0.8398168683	0.9995174408
0.1597005576	0.0000000000	0.0000000000	0.8398168683	0.9995174408
0.1597005576	0.0000000000	0.0000000000	0.8398168683	0.9995174408
0.1597005576	0.0000000000	0.0000000000	0.8398168683	0.9995174408
0.1597005576	0.0000000000	0.0000000000	0.8398168683	0.9995174408
0.1597005576	0.0000000000	0.0000000000	0.8398168683	0.9995174408
0.1597005576	0.0000000000	0.0000000000	0.8398168683	0.9995174408
0.1597005576	0.0000000000	0.0000000000	0.8398168683	0.9995174408
0.1597005576	0.0000000000	0.0000000000	0.8398168683	0.9995174408
0.1597005576	0.0000000000	0.0000000000	0.8398168683	0.9995174408
0.1597005576	0.0000000000	0.0000000000	0.8398168683	0.9995174408
0.1597005576	0.0000000000	0.0000000000	0.8398168683	0.9995174408
0.1597005576	0.0000000000	0.0000000000	0.8398168683	0.9995174408
0.1597005576	0.0000000000	0.0000000000	0.8398168683	0.9995174408
0.1597005576	0.0000000000	0.0000000000	0.8398168683	0.9995174408
0.1597005576	0.0000000000	0.0000000000	0.8398168683	0.9995174408
0.1597005576	0.0000000000	0.0000000000	0.8398168683	0.9995174408
0.1597005576	0.0000000000	0.0000000000	0.8398168683	0.9995174408
0.1597005576	0.0000000000	0.0000000000	0.8398168683	0.9995174408
0.1597005576	0.0000000000	0.0000000000	0.8398168683	0.9995174408
0.1597005576	0.0000000000	0.0000000000	0.8398168683	0.9995174408
0.1597005576	0.0000000000	0.0000000000	0.8398168683	0.9995174408
0.1597005576	0.0000000000	0.0000000000	0.8398168683	0.9995174408
0.1597005576	0.0000000000	0.0000000000	0.8398168683	0.9995174408
0.1597005576	0.0000000000	0.0000000000	0.8398168683	0.9995174408
0.1597005576	0.0000000000	0.0000000000	0.8398168683	0.9995174408
0.1597005576	0.0000000000	0.0000000000	0.8398168683	0.9995174408
0.1597005576	0.0000000000	0.0000000000	0.8398168683	0.9995174408
0.1597005576	0.0000000000	0.0000000000	0.8398168683	0.9995174408
0.1597005576	0.0000000000	0.0000000000	0.8398168683	0.9995174408
0.1597005576	0.0000000000	0.0000000000	0.8398168683	0.9995174408
0.1597005576	0.0000000000	0.0000000000	0.8398168683	0.9995174408
0.1597005576	0.0000000000	0.0000000000	0.8398168683	0.9995174408
0.1597005576	0.0000000000	0.0000000000	0.8398168683	0.9995174408
0.1597005576	0.0000000000	0.0000000000	0.8398168683	0.9995174408
0.1597005576	0.0000000000	0.0000000000	0.8398168683	0.9995174408
0.1597005576	0.0000000000	0.0000000000	0.8398168683	0.9995174408
0.1597005576	0.0000000000	0.0000000000	0.8398168683	0.9995174408
0.1597005576	0.0000000000	0.0000000000	0.8398168683	0.9995174408
0.1597005576	0.0000000000	0.0000000000	0.8398168683	0.9995174408
0.1597005576	0.0000000000	0.0000000000	0.8398168683	0.9995174408
0.1597005576	0.0000000000	0.0000000000	0.8398168683	0.9995174408
0.1597005576	0.0000000000	0.0000000000	0.8398168683	0.9995174408
0.1597005576	0.0000000000	0.0000000000	0.8398168683	0.9995174408
0.1597005576	0.0000000000	0.0000000000	0.8398168683	0.9995174408
0.1597005576	0.0000000000	0.0000000000	0.8398168683	0.9995174408
0.1597005576	0.0000000000	0.0000000000	0.8398168683	0.9995174408
0.1597005576	0.0000000000	0.0000000000	0.8398168683	0.9995174408
0.1597005576	0.0000000000	0.0000000000	0.8398168683	0.9995174408
0.1597005576	0.0000000000	0.0000000000	0.8398168683	0.9995174408
0.1597005576	0.0000000000	0.0000000000	0.8398168683	0.9995174408
0.1597005576	0.0000000000	0.0000000000	0.8398168683	0.9995174408
0.1597005576	0.0000000000	0.0000000000	0.8398168683	0.9995174408
0.1597005576	0.0000000000	0.0000000000	0.8398168683	0.9995174408
0.1597005576	0.0000000000	0.0000000000	0.8398168683	0.9995174408
0.1597005576	0.0000000000	0.0000000000	0.8398168683	0.9995174408
0.1597005576	0.0000000000	0.0000000000	0.8398168683	0.9995174408
0.1597005576	0.0000000000	0.0000000000	0.8398168683	0.9995174408
0.1597005576	0.0000000000	0.0000000000	0.8398168683	0.9995174408
0.1597005576	0.0000000000	0.0000000000	0.8398168683	0.9995174408
0.1597005576	0.0000000000	0.0000000000	0.8398168683	0.9995174408
0.1597005576	0.0000000000	0.0000000000	0.8398168683	0.9995174408
0.1597005576	0.0000000000	0.0000000000	0.8398168683	0.9995174408
0.1597005576	0.0000000000	0.0000000000	0.8398168683	0.9995174408
0.1597005576	0.0000000000	0.0000000000	0.8398168683	0.9995174408
0.1597005576	0.0000000000	0.0000000000	0.8398168683	0.9995174408
0.1597005576	0.0000000000	0.0000000000	0.8398168683	0.9995174408
0.1597005576	0.0000000000	0.0000000000	0.8398168683	0.9995174408
0.1597005576	0.0000000000	0.0000000000	0.8398168683	0.9995174408
0.1597005576	0.0000000000	0.0000000000	0.8398168683	0.9995174408
0.1597005576	0.0000000000	0.0000000000	0.8398168683	0.9995174408
0.1597005576	0.0000000000	0.0000000000	0.8398168683	0.9995174408
0.1597005576	0.0000000000	0.0000000000	0.8398168683	0.9995174408
0.1597005576	0.0000000000	0.0000000000	0.8398168683	0.9995174408
0.1597005576	0.0000000000	0.0000000000	0.8398168683	0.9995174408
0.1597005576	0.0000000000	0.0000000000	0.8398168683	0.9995174408
0.1597005576	0.0000000000	0.0000000000	0.8398168683	0.9995174408
0.1597005576	0.0000000000	0.0000000000	0.8398168683	0.9995174408
0.1597005576	0.0000000000	0.0000000000	0.8398168683	0.9995174408
0.1597005576	0.0000000000	0.0000000000	0.8398168683	0.9995174408
0.1597005576	0.0000000000	0.0000000000	0.8398168683	0.9995174408
0.1597005576	0.0000000000	0.0000000000	0.8398168683	0.9995174408
0.1597005576	0.0000000000	0.0000000000	0.8398168683	0.9995174408
0.1597005576	0.0000000000	0.0000000000	0.8398168683	0.9995174408
0.1597005576	0.0000000000	0.0000000000	0.8398168683	0.9995174408
0.1597005576	0.0000000000	0.0000000000	0.8398168683	0.9995174408
0.1597005576	0.0000000000	0.0000000000	0.8398168683	0.9995174408
0.1597005576	0.0000000000	0.0000000000	0.8398168683	0.9995174408
0.1597005576	0.0000000000	0.0000000000	0.8398168683	0.9995174408
0.1597005576	0.0000000000	0.0000000000	0.8398168683	0.9995174408
0.1597005576	0.0000000000	0.0000000000	0.8398168683	0.9995174408
0.1597005576	0.0000000000	0.0000000000	0.8398168683	0.9995174408
0.1597005576	0.0000000000	0.0000000000	0.8398168683	0.9995174408
0.1597005576	0.0000000000	0.0000000000	0.8398168683	0.9995174408
0.1597005576	0.0000000000	0.0000000000	0.8398168683	0.9995174408
0.1597005576	0.0000000000	0.0000000000	0.8398168683	0.9995174408
0.1597005576	0.0000000000	0.0000000000	0.8398168683	0.9995174408
0.1597005576	0.0000000000	0.0000000000	0.8398168683	0.9995174408
0.1597005576	0.0000000000	0.0000000000	0.8398168683	0.9995174408
0.1597005576	0.0000000000	0.0000000000	0.8398168683	0.9995174408
0.1597005576	0.0000000000	0.0000000000	0.8398168683	0.9995174408
0.1597005576	0.0000000000	0.0000000000	0.8398168683	0.9995174408
0.1597005576	0.0000000000	0.0000000000	0.8398168683	0.9995174408
0.1597005576	0.0000000000	0.0000000000	0.8398168683	0.9995174408
0.1597005576	0.0000000000	0.0000000000	0.8398168683	0.9995174408
0.1597005576	0.0000000000	0.0000000000	0.8398168683	0.9995174408
0.1597005576	0.0000000000	0.0000000000	0.8398168683	0.9995174408
0.1597005576	0.0000000000	0.0000000000	0.8398168683	0.9995174408
0.1597005576	0.0000000000	0.0000000000	0.8398168683	0.9995174408
0.1597005576	0.0000000000	0.0000000000	0.8398168683	0.9995174408
0.1597005576	0.0000000000	0.0000000000	0.8398168683	0.9995174408
0.1597005576	0.0000000000	0.0000000000	0.8398168683	0.9995174408
0.1597005576	0.0000000000	0.0000000000	0.8398168683	0.9995174408
0.1597005576	0.0000000000	0.0000000000	0.8398168683	0.9995174408
0.1597005576	0.0000000000	0.0000000000	0.8398168683	0.9995174408
0.1597005576	0.0000000000	0.0000000000	0.8398168683	0.9995174408
0.1597005576	0.0000000000	0.0000000000	0.8398168683	0.9995174408
0.1597005576	0.0000000000	0.0000000000	0.8398168683	0.9995174408
0.1597005576	0.0000000000	0.0000000000	0.8398168683	0.9995174408
0.1597005576	0.0000000000	0.0000000000	0.8398168683	0.9995174408
0.1597005576	0.0000000000	0.0000000000	0.8398168683	0.9995174408
0.1597005576	0.0000000000	0.0000000000	0.8398168683	0.9995174408
0.1597005576	0.0000000000	0.0000000000	0.8398168683	0.9995174408
0.1597005576	0.0000000000	0.0000000000	0.8398168683	0.9995174408
0.1597005576	0.0000000000	0.0000000000	0.8398168683	0.9995174408
0.1597005576	0.0000000000	0.0000000000	0.8398168683	0.9995174408
0.1597005576	0.0000000000	0.0000000000	0.8398168683	0.9995174408
0.1597005576	0.0000000000	0.0000000000	0.8398168683	0.9995174408
0.1597005576	0.0000000000	0.0000000000	0.8398168683	0.9995174408
0.1597005576	0.0000000000	0.0000000000	0.8398168683	0.9995174408
0.1597005576	0.0000000000	0.0000000000	0.8398168683	0.9995174408
0.1597005576	0.0000000000	0.0000000000	0.8398168683	0.9995174408
0.1597005576	0.0000000000	0.0000000000	0.8398168683	0.9995174408
0.1597005576	0.0000000000	0.0000000000	0.8398168683	0.9995174408
0.1597005576	0.0000000000	0.0000000000	0.8398168683	0.9995174408
0.1597005576	0.0000000000	0.0000000000	0.8398168683	0.9995174408
0.1597005576	0.0000000000	0.0000000000	0.8398168683	0.9995174408
0.1597005576	0.0000000000	0.0000000000	0.8398168683	0.9995174408
0.1597005576	0.0000000000	0.0000000000	0.8398168683	0.9995174408
0.1597005576	0.0000000000	0.0000000000	0.8398168683	0.9995174408
0.1597005576	0.0000000000	0.0000000000	0.8398168683	0.9995174408
0.1597005576	0.0000000000	0.0000000000	0.8398168683	0.9995174408
0.1597005576	0.0000000000	0.0000000000	0.8398168683	0.9995174408
0.1597005576	0.0000000000	0.0000000000	0.8398168683	0.9995174408
0.1597005576	0.0000000000	0.0000000000	0.8398168683	0.9995174408
0.1597005576	0.0000000000	0.0000000000	0.8398168683	0.9995174408
0.1597005576	0.0000000000	0.0000000000	0.8398168683	0.9995174408
0.1597005576	0.0000000000	0.0000000000	0.8398168683	0.9995174408
0.1597005576	0.0000000000	0.0000000000	0.8398168683	0.9995174408
0.1597005576	0.0000000000	0.0000000000	0.8398168683	0.9995174408
0.1597005576	0.0000000000	0.0000000000	0.8398168683	0.9995174408
0.1597005576	0.0000000000	0.0000000000	0.8398168683	0.9995174408
0.1597005576	0.0000000000	0.0000000000	0.8398168683	0.9995174408
0.1597005576	0.0000000000	0.0000000000	0.8398168683	0.9995174408
0.1597005576	0.0000000000	0.0000000000	0.8398168683	0.9995174408
0.1597005576	0.0000000000	0.0000000000	0.8398168683	0.9995174408
0.1597005576	0.0000000000	0.0000000000	0.8398168683	0.9995174408
0.1597005576	0.0000000000	0.0000000000	0.8398168683	0.9995174408
0.1597005576	0.0000000000	0.0000000000	0.8398168683	0.9995174408
0.1597005576	0.0000000000	0.0000000000	0.8398168683	0.9995174408
0.1597005576	0.0000000000	0.0000000000	0.8398168683	0.9995174408
0.1597005576	0.0000000000	0.0000000000	0.8398168683	0.9995174408
0.1597005576	0.0000000000	0.0000000000	0.8398168683	0.9995174408
0.1597005576	0.0000000000	0.0000000000	0.8398168683	0.9995174408
0.1597005576	0.0000000000	0.0000000000	0.8398168683	0.9995174408
0.1597005576	0.0000000000	0.0000000000	0.8398168683	0.9995174408
0.1597005576	0.0000000000	0.0000000000	0.8398168683	0.9995174408
0.1597005576	0.0000000000	0.0000000000	0.8398168683	0.9995174408
0.1597005576	0.0000000000	0.0000000000	0.8398168683	0.9995174408
0.1597005576	0.0000000000	0.0000000000	0.8398168683	0.9995174408
0.1597005576	0.0000000000	0.0000000000	0.8398168683	0.9995174408
0.1597005576	0.0000000000	0.0000000000	0.8398168683	0.9995174408
0.1597005576	0.0000000000	0.0000000000	0.8398168683	0.9995174408
0.1597005576	0.0000000000	0.0000000000	0.8398168683	0.9995174408
0.1597005576	0.0000000000	0.0000000000	0.8398168683	0.9995174408
0.1597005576	0.0000000000	0.0000000000	0.8398168683	0.9995174408
0.1597005576	0.0000000000	0.0000000000	0.8398168683	0.9995174408
0.1597005576	0.0000000000	0.0000000000	0.8398168683	0.9995174408
0.1597005576	0.0000000000	0.0000000000	0.8398168683	0.9995174408
0.1597005576	0.0000000000	0.0000000000	0.8398168683	0.9995174408
0.1597005576	0.0000000000	0.0000000000	0.8398168683	0.9995174408
0.1597005576	0.0000000000	0.0000000000	0.8398168683	0.9995174408
0.1597005576	0.0000000000	0.0000000000	0.8398168683	0.9995174408
0.1597005576	0.0000000000	0.0000000000	0.8398168683	0.9995174408
0.1597005576	0.0000000000	0.0000000000	0.8398168683	0.9995174408
0.1597005576	0.0000000000	0.0000000000	0.8398168683	0.9995174408
0.1597005576	0.0000000000	0.0000000000	0.8398168683	0.9995174408
0.1597005576	0.0000000000	0.0000000000	0.8398168683	0.9995174408
0.1597005576	0.0000000000	0.0000000000	0.8398168683	0.9995174408
0.1597005576	0.0000000000	0.0000000000	0.8398168683	0.9995174408
0.1597005576	0.0000000000	0.0000000000	0.8398168683	0.9995174408
0.1597005576	0.0000000000	0.0000000000	0.8398168683	0.9995174408
0.1597005576	0.0000000000	0.0000000000	0.8398168683	0.9995174408
0.1597005576	0.0000000000	0.0000000000	0.8398168683	0.9995174408
0.1597005576	0.0000000000	0.0000000000	0.8398168683	0.9995174408
0.1597005576	0.0000000000	0.0000000000	0.8398168683	0.9995174408
0.1597005576	0.0000000000	0.0000000000	0.8398168683	0.9995174408
0.1597005576	0.0000000000	0.0000000000	0.8398168683	0.9995174408
0.1597005576	0.0000000000	0.0000000000	0.8398168683	0.9995174408
0.1597005576	0.0000000000	0.0000000000	0.8398168683	0.9995174408
0.1597005576	0.0000000000	0.0000000000	0.8398168683	0.9995174408
0.1597005576	0.0000000000	0.0000000000	0.8398168683	0.9995174408
0.1597005576	0.0000000000	0.0000000000	0.8398168683	0.9995174408
0.1597005576	0.0000000000	0.0000000000	0.8398168683	0.9995174408
0.1597005576	0.0000000000	0.0000000000	0.8398168683	0.9995174408
0.1597005576	0.0000000000	0.0000000000	0.8398168683	0.9995174408
0.1597005576	0.0000000000	0.0000000000	0.8398168683	0.9995174408
0.1597005576	0.0000000000	0.0000000000	0.8398168683	0.9995174408
0.1597005576	0.0000000000	0.0000000000	0.8398168683	0.9995174408
0.1597005576	0.0000000000	0.0000000000	0.8398168683	0.9995174408
0.1597005576	0.0000000000	0.0000000000	0.8398168683	0.9995174408
0.1597005576	0.0000000000	0.0000000000	0.8398168683	0.9995174408
0.1597005576	0.0000000000	0.0000000000	0.8398168683	0.9995174408
0.1597005576	0.0000000000	0.0000000000	0.8398168683	0.9995174408
0.1597005576	0.0000000000	0.0000000000	0.8398168683	0.9995174408
0.1597005576	0.0000000000	0.0000000000	0.8398168683	0.9995174408
0.1597005576	0.0000000000	0.0000000000	0.8398168683	0.9995174408
